0.000000000000000000e+00 0.000000000000000000e+00 1.000000000000000000e+00 0.000000000000000000e+00
4.892200380469245019e-02 6.000000000000000000e+00 1.000000000000000000e+00 0.000000000000000000e+00
9.784400760938490038e-02 1.000000000000000000e+00 1.000000000000000000e+00 0.000000000000000000e+00
1.467660114140773575e-01 1.000000000000000000e+00 1.000000000000000000e+00 0.000000000000000000e+00
1.956880152187698008e-01 1.000000000000000000e+00 1.000000000000000000e+00 0.000000000000000000e+00
2.446100190234622440e-01 1.000000000000000000e+00 1.000000000000000000e+00 0.000000000000000000e+00
2.935320228281547150e-01 1.000000000000000000e+00 1.000000000000000000e+00 0.000000000000000000e+00
3.424540266328471305e-01 1.000000000000000000e+00 1.000000000000000000e+00 0.000000000000000000e+00
3.913760304375396015e-01 1.000000000000000000e+00 1.000000000000000000e+00 0.000000000000000000e+00
4.402980342422320725e-01 1.000000000000000000e+00 1.000000000000000000e+00 0.000000000000000000e+00
4.892200380469244880e-01 1.000000000000000000e+00 1.000000000000000000e+00 0.000000000000000000e+00
5.381420418516169590e-01 1.000000000000000000e+00 1.000000000000000000e+00 0.000000000000000000e+00
5.870640456563094300e-01 1.000000000000000000e+00 1.000000000000000000e+00 0.000000000000000000e+00
6.359860494610019011e-01 1.000000000000000000e+00 1.000000000000000000e+00 0.000000000000000000e+00
6.849080532656942610e-01 1.000000000000000000e+00 1.000000000000000000e+00 0.000000000000000000e+00
7.338300570703867320e-01 1.000000000000000000e+00 1.000000000000000000e+00 0.000000000000000000e+00
7.827520608750792031e-01 1.000000000000000000e+00 1.000000000000000000e+00 0.000000000000000000e+00
8.316740646797716741e-01 1.000000000000000000e+00 1.000000000000000000e+00 0.000000000000000000e+00
8.805960684844641451e-01 1.000000000000000000e+00 1.000000000000000000e+00 0.000000000000000000e+00
9.295180722891565051e-01 2.000000000000000000e+00 1.000000000000000000e+00 0.000000000000000000e+00
9.784400760938489761e-01 2.000000000000000000e+00 1.000000000000000000e+00 0.000000000000000000e+00
1.027362079898541447e+00 2.000000000000000000e+00 1.000000000000000000e+00 0.000000000000000000e+00
1.076284083703233918e+00 3.000000000000000000e+00 1.000000000000000000e+00 0.000000000000000000e+00
1.125206087507926389e+00 4.000000000000000000e+00 2.000000000000000000e+00 0.000000000000000000e+00
1.174128091312618860e+00 6.000000000000000000e+00 2.000000000000000000e+00 0.000000000000000000e+00
1.223050095117311331e+00 1.100000000000000000e+01 1.000000000000000000e+00 0.000000000000000000e+00
1.271972098922003802e+00 5.000000000000000000e+00 2.000000000000000000e+00 0.000000000000000000e+00
1.320894102726696051e+00 1.000000000000000000e+01 2.000000000000000000e+00 0.000000000000000000e+00
1.369816106531388522e+00 1.100000000000000000e+01 4.000000000000000000e+00 0.000000000000000000e+00
1.418738110336080993e+00 1.400000000000000000e+01 5.000000000000000000e+00 0.000000000000000000e+00
1.467660114140773464e+00 1.500000000000000000e+01 6.000000000000000000e+00 0.000000000000000000e+00
1.516582117945465935e+00 1.200000000000000000e+01 4.000000000000000000e+00 0.000000000000000000e+00
1.565504121750158406e+00 1.300000000000000000e+01 4.000000000000000000e+00 0.000000000000000000e+00
1.614426125554850877e+00 1.000000000000000000e+01 5.000000000000000000e+00 0.000000000000000000e+00
1.663348129359543348e+00 8.000000000000000000e+00 4.000000000000000000e+00 0.000000000000000000e+00
1.712270133164235819e+00 1.000000000000000000e+01 4.000000000000000000e+00 0.000000000000000000e+00
1.761192136968928290e+00 9.000000000000000000e+00 5.000000000000000000e+00 0.000000000000000000e+00
1.810114140773620761e+00 9.000000000000000000e+00 5.000000000000000000e+00 0.000000000000000000e+00
1.859036144578313010e+00 1.200000000000000000e+01 5.000000000000000000e+00 0.000000000000000000e+00
1.907958148383005481e+00 1.000000000000000000e+01 6.000000000000000000e+00 0.000000000000000000e+00
1.956880152187697952e+00 1.000000000000000000e+01 5.000000000000000000e+00 0.000000000000000000e+00
2.005802155992390645e+00 1.200000000000000000e+01 5.000000000000000000e+00 0.000000000000000000e+00
2.054724159797082894e+00 8.000000000000000000e+00 7.000000000000000000e+00 0.000000000000000000e+00
2.103646163601775143e+00 7.000000000000000000e+00 5.000000000000000000e+00 0.000000000000000000e+00
2.152568167406467836e+00 9.000000000000000000e+00 4.000000000000000000e+00 0.000000000000000000e+00
2.201490171211160085e+00 5.000000000000000000e+00 4.000000000000000000e+00 0.000000000000000000e+00
2.250412175015852778e+00 8.000000000000000000e+00 4.000000000000000000e+00 0.000000000000000000e+00
2.299334178820545027e+00 7.000000000000000000e+00 3.000000000000000000e+00 0.000000000000000000e+00
2.348256182625237720e+00 6.000000000000000000e+00 3.000000000000000000e+00 0.000000000000000000e+00
2.397178186429929969e+00 7.000000000000000000e+00 2.000000000000000000e+00 0.000000000000000000e+00
2.446100190234622662e+00 9.000000000000000000e+00 3.000000000000000000e+00 0.000000000000000000e+00
2.495022194039314911e+00 6.000000000000000000e+00 3.000000000000000000e+00 0.000000000000000000e+00
2.543944197844007604e+00 4.000000000000000000e+00 3.000000000000000000e+00 0.000000000000000000e+00
2.592866201648699853e+00 7.000000000000000000e+00 3.000000000000000000e+00 0.000000000000000000e+00
2.641788205453392102e+00 9.000000000000000000e+00 4.000000000000000000e+00 0.000000000000000000e+00
2.690710209258084795e+00 1.200000000000000000e+01 5.000000000000000000e+00 0.000000000000000000e+00
2.739632213062777044e+00 1.300000000000000000e+01 5.000000000000000000e+00 0.000000000000000000e+00
2.788554216867469737e+00 1.100000000000000000e+01 7.000000000000000000e+00 0.000000000000000000e+00
2.837476220672161986e+00 1.700000000000000000e+01 7.000000000000000000e+00 0.000000000000000000e+00
2.886398224476854679e+00 1.200000000000000000e+01 8.000000000000000000e+00 0.000000000000000000e+00
2.935320228281546928e+00 1.200000000000000000e+01 6.000000000000000000e+00 0.000000000000000000e+00
2.984242232086239621e+00 1.400000000000000000e+01 9.000000000000000000e+00 0.000000000000000000e+00
3.033164235890931870e+00 1.400000000000000000e+01 9.000000000000000000e+00 0.000000000000000000e+00
3.082086239695624563e+00 1.000000000000000000e+01 7.000000000000000000e+00 0.000000000000000000e+00
3.131008243500316812e+00 1.300000000000000000e+01 7.000000000000000000e+00 0.000000000000000000e+00
3.179930247305009061e+00 1.300000000000000000e+01 7.000000000000000000e+00 0.000000000000000000e+00
3.228852251109701754e+00 1.600000000000000000e+01 9.000000000000000000e+00 0.000000000000000000e+00
3.277774254914394003e+00 1.600000000000000000e+01 7.000000000000000000e+00 0.000000000000000000e+00
3.326696258719086696e+00 1.300000000000000000e+01 6.000000000000000000e+00 0.000000000000000000e+00
3.375618262523778945e+00 1.300000000000000000e+01 8.000000000000000000e+00 0.000000000000000000e+00
3.424540266328471638e+00 1.200000000000000000e+01 7.000000000000000000e+00 0.000000000000000000e+00
3.473462270133163887e+00 1.200000000000000000e+01 8.000000000000000000e+00 0.000000000000000000e+00
3.522384273937856580e+00 1.200000000000000000e+01 7.000000000000000000e+00 0.000000000000000000e+00
3.571306277742548829e+00 1.100000000000000000e+01 1.000000000000000000e+01 0.000000000000000000e+00
3.620228281547241522e+00 1.400000000000000000e+01 9.000000000000000000e+00 0.000000000000000000e+00
3.669150285351933771e+00 1.700000000000000000e+01 9.000000000000000000e+00 0.000000000000000000e+00
3.718072289156626020e+00 1.500000000000000000e+01 8.000000000000000000e+00 0.000000000000000000e+00
3.766994292961318713e+00 2.000000000000000000e+01 6.000000000000000000e+00 0.000000000000000000e+00
3.815916296766010962e+00 1.800000000000000000e+01 7.000000000000000000e+00 0.000000000000000000e+00
3.864838300570703655e+00 1.800000000000000000e+01 8.000000000000000000e+00 0.000000000000000000e+00
3.913760304375395904e+00 1.500000000000000000e+01 7.000000000000000000e+00 0.000000000000000000e+00
3.962682308180088597e+00 1.500000000000000000e+01 1.200000000000000000e+01 0.000000000000000000e+00
4.011604311984781290e+00 1.300000000000000000e+01 9.000000000000000000e+00 0.000000000000000000e+00
4.060526315789473095e+00 1.200000000000000000e+01 1.000000000000000000e+01 0.000000000000000000e+00
4.109448319594165788e+00 1.200000000000000000e+01 1.200000000000000000e+01 0.000000000000000000e+00
4.158370323398858481e+00 1.500000000000000000e+01 1.100000000000000000e+01 0.000000000000000000e+00
4.207292327203550286e+00 1.400000000000000000e+01 9.000000000000000000e+00 0.000000000000000000e+00
4.256214331008242979e+00 1.300000000000000000e+01 1.200000000000000000e+01 0.000000000000000000e+00
4.305136334812935672e+00 1.500000000000000000e+01 9.000000000000000000e+00 0.000000000000000000e+00
4.354058338617628365e+00 1.300000000000000000e+01 1.000000000000000000e+01 0.000000000000000000e+00
4.402980342422320170e+00 1.300000000000000000e+01 9.000000000000000000e+00 0.000000000000000000e+00
4.451902346227012863e+00 1.800000000000000000e+01 8.000000000000000000e+00 0.000000000000000000e+00
4.500824350031705556e+00 1.500000000000000000e+01 8.000000000000000000e+00 0.000000000000000000e+00
4.549746353836398249e+00 1.300000000000000000e+01 1.100000000000000000e+01 0.000000000000000000e+00
4.598668357641090054e+00 2.000000000000000000e+01 1.100000000000000000e+01 0.000000000000000000e+00
4.647590361445782747e+00 1.900000000000000000e+01 1.100000000000000000e+01 0.000000000000000000e+00
4.696512365250475440e+00 1.700000000000000000e+01 1.000000000000000000e+01 0.000000000000000000e+00
4.745434369055167245e+00 1.300000000000000000e+01 8.000000000000000000e+00 0.000000000000000000e+00
4.794356372859859938e+00 1.600000000000000000e+01 9.000000000000000000e+00 0.000000000000000000e+00
4.843278376664552631e+00 1.600000000000000000e+01 1.100000000000000000e+01 0.000000000000000000e+00
