0.000000000000000000e+00 0.000000000000000000e+00 1.000000000000000000e+00 3.346104447812099387e-03
4.892200380469245147e+02 1.000000000000000000e+00 1.000000000000000000e+00 3.711029843272943139e-04
9.784400760938490293e+02 1.000000000000000000e+00 1.000000000000000000e+00 6.130816769890376494e-02
1.467660114140773658e+03 3.000000000000000000e+00 1.000000000000000000e+00 7.865785786630212495e-02
1.956880152187698059e+03 3.000000000000000000e+00 1.000000000000000000e+00 1.597705729071551006e-02
2.446100190234622460e+03 1.000000000000000000e+00 1.000000000000000000e+00 2.582482283563784960e-04
2.935320228281547315e+03 1.000000000000000000e+00 1.000000000000000000e+00 3.356311634494250277e-04
3.424540266328471716e+03 1.000000000000000000e+00 1.000000000000000000e+00 2.835143910193063535e-04
3.913760304375396117e+03 3.000000000000000000e+00 1.000000000000000000e+00 1.961263995467381414e-04
4.402980342422320973e+03 2.000000000000000000e+00 1.000000000000000000e+00 4.585378468488767942e-04
4.892200380469244919e+03 2.000000000000000000e+00 1.000000000000000000e+00 6.608813145838078607e-02
5.381420418516169775e+03 9.000000000000000000e+00 1.000000000000000000e+00 2.501157446999555806e-02
5.870640456563094631e+03 8.000000000000000000e+00 1.000000000000000000e+00 3.359638704223137651e-02
6.359860494610018577e+03 2.300000000000000000e+01 1.000000000000000000e+00 2.084075085941695449e-04
6.849080532656943433e+03 2.200000000000000000e+01 1.000000000000000000e+00 4.016868216164429608e-04
7.338300570703867379e+03 2.400000000000000000e+01 1.000000000000000000e+00 5.242164955498068019e-02
7.827520608750792235e+03 1.100000000000000000e+01 1.000000000000000000e+00 3.523157685757716197e-04
8.316740646797716181e+03 2.100000000000000000e+01 1.000000000000000000e+00 3.934720265232196181e-04
8.805960684844641946e+03 2.000000000000000000e+01 1.000000000000000000e+00 2.968596138144081673e-02
9.295180722891565892e+03 1.900000000000000000e+01 1.000000000000000000e+00 2.698617692012922689e-02
9.784400760938489839e+03 7.000000000000000000e+00 1.000000000000000000e+00 3.779029576516897745e-04
1.027362079898541560e+04 1.100000000000000000e+01 1.000000000000000000e+00 3.960874102452127676e-02
1.076284083703233955e+04 2.100000000000000000e+01 1.000000000000000000e+00 1.990608183456258826e-02
1.125206087507926350e+04 2.100000000000000000e+01 1.000000000000000000e+00 2.532747195307955695e-02
1.174128091312618926e+04 1.400000000000000000e+01 1.000000000000000000e+00 3.271169259786960160e-02
1.223050095117311321e+04 2.500000000000000000e+01 1.000000000000000000e+00 2.880281810555746294e-02
1.271972098922003715e+04 1.400000000000000000e+01 1.000000000000000000e+00 1.024498031983081780e-04
1.320894102726696110e+04 5.000000000000000000e+00 1.000000000000000000e+00 1.531412261288605733e-02
1.369816106531388687e+04 1.100000000000000000e+01 1.000000000000000000e+00 9.436928162852815244e-03
1.418738110336081081e+04 4.000000000000000000e+00 1.000000000000000000e+00 1.923243033441916815e-04
1.467660114140773476e+04 6.000000000000000000e+00 1.000000000000000000e+00 3.075331478736043913e-04
1.516582117945466052e+04 4.000000000000000000e+00 1.000000000000000000e+00 3.584959736246122637e-04
1.565504121750158447e+04 2.000000000000000000e+00 1.000000000000000000e+00 3.965958614141379575e-04
1.614426125554850842e+04 5.000000000000000000e+00 1.000000000000000000e+00 2.477293824905569945e-04
1.663348129359543236e+04 1.000000000000000000e+01 1.000000000000000000e+00 3.072189184254477253e-04
1.712270133164235813e+04 9.000000000000000000e+00 1.000000000000000000e+00 3.559871483860117488e-04
1.761192136968928389e+04 7.000000000000000000e+00 1.000000000000000000e+00 2.557591400479254477e-04
