0.000000000000000000e+00 0.000000000000000000e+00 1.000000000000000000e+00 3.346104447812099387e-03
9.784400760938490038e-02 1.000000000000000000e+00 1.000000000000000000e+00 6.484702772400949798e-04
1.956880152187698008e-01 1.000000000000000000e+00 1.000000000000000000e+00 5.669024175379076651e-04
2.935320228281547150e-01 1.000000000000000000e+00 1.000000000000000000e+00 5.281258722145039126e-04
3.913760304375396015e-01 1.000000000000000000e+00 1.000000000000000000e+00 5.806944124747945345e-04
4.892200380469244880e-01 1.000000000000000000e+00 1.000000000000000000e+00 5.330736342119373177e-04
5.870640456563094300e-01 1.000000000000000000e+00 1.000000000000000000e+00 5.281822189689511313e-04
6.849080532656942610e-01 1.000000000000000000e+00 1.000000000000000000e+00 5.831702613787010606e-04
7.827520608750792031e-01 1.000000000000000000e+00 1.000000000000000000e+00 5.372059740298663292e-04
8.805960684844641451e-01 1.000000000000000000e+00 1.000000000000000000e+00 5.057935967531033538e-04
9.784400760938489761e-01 1.000000000000000000e+00 1.000000000000000000e+00 5.275098761548653549e-04
1.076284083703233918e+00 1.000000000000000000e+00 1.000000000000000000e+00 4.613489719297292867e-04
1.174128091312618860e+00 1.000000000000000000e+00 1.000000000000000000e+00 5.070488728913139865e-04
1.271972098922003802e+00 1.000000000000000000e+00 1.000000000000000000e+00 5.480782359979283593e-04
1.369816106531388522e+00 1.000000000000000000e+00 1.000000000000000000e+00 4.863867200790245667e-04
1.467660114140773464e+00 1.000000000000000000e+00 1.000000000000000000e+00 4.963573313639504979e-04
1.565504121750158406e+00 1.000000000000000000e+00 1.000000000000000000e+00 5.026301982312852317e-04
1.663348129359543348e+00 1.000000000000000000e+00 1.000000000000000000e+00 4.684694909791851545e-04
1.761192136968928290e+00 1.000000000000000000e+00 1.000000000000000000e+00 4.329309173597017013e-04
1.859036144578313010e+00 1.000000000000000000e+00 1.000000000000000000e+00 4.767935016896976928e-04
1.956880152187697952e+00 1.000000000000000000e+00 1.000000000000000000e+00 7.692570584872238234e-04
2.054724159797082894e+00 1.000000000000000000e+00 1.000000000000000000e+00 3.286246390998866901e-04
2.152568167406467836e+00 1.000000000000000000e+00 1.000000000000000000e+00 4.426347036040020107e-04
2.250412175015852778e+00 1.000000000000000000e+00 1.000000000000000000e+00 3.439554286021465675e-03
2.348256182625237720e+00 1.000000000000000000e+00 1.000000000000000000e+00 5.848390442479796045e-04
2.446100190234622662e+00 1.000000000000000000e+00 1.000000000000000000e+00 4.701608727943287378e-04
2.543944197844007604e+00 1.000000000000000000e+00 1.000000000000000000e+00 6.637969314250513706e-04
2.641788205453392102e+00 1.000000000000000000e+00 1.000000000000000000e+00 4.687313718434032452e-04
2.739632213062777044e+00 1.000000000000000000e+00 1.000000000000000000e+00 4.422912368769619856e-04
2.837476220672161986e+00 1.000000000000000000e+00 1.000000000000000000e+00 4.214155132082201866e-04
2.935320228281546928e+00 1.000000000000000000e+00 1.000000000000000000e+00 3.379556125933819719e-04
3.033164235890931870e+00 1.000000000000000000e+00 1.000000000000000000e+00 3.903793023937587934e-04
3.131008243500316812e+00 1.000000000000000000e+00 1.000000000000000000e+00 4.406178533146136033e-04
3.228852251109701754e+00 1.000000000000000000e+00 1.000000000000000000e+00 4.569302162957566732e-04
3.326696258719086696e+00 3.000000000000000000e+00 1.000000000000000000e+00 4.391366868929248821e-04
3.424540266328471638e+00 7.000000000000000000e+00 1.000000000000000000e+00 4.549789538392100697e-04
3.522384273937856580e+00 1.000000000000000000e+01 3.000000000000000000e+00 4.602525419221846145e-04
3.620228281547241522e+00 9.000000000000000000e+00 1.000000000000000000e+00 3.607824041406789057e-04
3.718072289156626020e+00 2.100000000000000000e+01 5.000000000000000000e+00 4.595185983966308175e-04
3.815916296766010962e+00 1.900000000000000000e+01 8.000000000000000000e+00 4.339980237654111352e-04
3.913760304375395904e+00 2.900000000000000000e+01 1.300000000000000000e+01 4.984461124707221255e-04
4.011604311984781290e+00 4.700000000000000000e+01 1.500000000000000000e+01 4.897992506666150325e-04
4.109448319594165788e+00 4.700000000000000000e+01 1.200000000000000000e+01 4.971140848282968368e-04
4.207292327203550286e+00 7.600000000000000000e+01 2.700000000000000000e+01 4.658947800021824809e-04
4.305136334812935672e+00 8.900000000000000000e+01 3.300000000000000000e+01 4.341796638966066669e-04
4.402980342422320170e+00 1.060000000000000000e+02 3.600000000000000000e+01 4.773378697797428993e-04
4.500824350031705556e+00 9.300000000000000000e+01 3.800000000000000000e+01 4.538634259825946723e-04
4.598668357641090054e+00 8.200000000000000000e+01 3.100000000000000000e+01 3.698245321605242940e-04
4.696512365250475440e+00 1.140000000000000000e+02 3.100000000000000000e+01 4.345417438871955343e-04
4.794356372859859938e+00 1.290000000000000000e+02 3.300000000000000000e+01 5.223426518764323579e-04
4.892200380469245324e+00 9.400000000000000000e+01 3.300000000000000000e+01 5.219395374813823362e-04
4.990044388078629822e+00 8.800000000000000000e+01 3.800000000000000000e+01 4.275707038935514111e-04
5.087888395688015208e+00 6.700000000000000000e+01 3.100000000000000000e+01 4.582103707509303553e-04
5.185732403297399706e+00 4.400000000000000000e+01 2.800000000000000000e+01 5.075560994378144723e-04
5.283576410906784204e+00 4.500000000000000000e+01 3.200000000000000000e+01 4.294905957222999770e-04
5.381420418516169590e+00 4.800000000000000000e+01 2.500000000000000000e+01 2.306970777490099521e-04
5.479264426125554088e+00 3.200000000000000000e+01 2.300000000000000000e+01 3.926460908365586740e-04
5.577108433734939474e+00 2.500000000000000000e+01 2.200000000000000000e+01 3.934203380753045786e-04
5.674952441344323972e+00 3.000000000000000000e+01 1.500000000000000000e+01 4.558210199493306245e-04
5.772796448953709358e+00 3.400000000000000000e+01 1.900000000000000000e+01 4.688473283839707782e-04
5.870640456563093856e+00 2.900000000000000000e+01 1.600000000000000000e+01 3.066581194844508881e-04
5.968484464172479242e+00 3.600000000000000000e+01 1.200000000000000000e+01 4.449861603064143270e-04
6.066328471781863740e+00 4.700000000000000000e+01 7.000000000000000000e+00 3.375089780665794224e-04
6.164172479391249126e+00 7.000000000000000000e+01 9.000000000000000000e+00 4.599568272404352498e-04
6.262016487000633624e+00 6.000000000000000000e+01 1.500000000000000000e+01 3.984915854185009515e-04
6.359860494610018122e+00 5.700000000000000000e+01 2.200000000000000000e+01 4.082062605535190149e-04
6.457704502219403508e+00 8.700000000000000000e+01 3.000000000000000000e+01 4.568462873166479138e-04
6.555548509828788006e+00 9.500000000000000000e+01 4.500000000000000000e+01 4.803839913354844842e-04
6.653392517438173392e+00 1.050000000000000000e+02 4.100000000000000000e+01 4.302808282864963637e-04
6.751236525047557890e+00 1.600000000000000000e+02 6.100000000000000000e+01 3.472126159318041582e-04
6.849080532656943276e+00 1.630000000000000000e+02 7.400000000000000000e+01 4.106563557510691941e-04
6.946924540266327774e+00 1.840000000000000000e+02 6.800000000000000000e+01 4.271027049175789574e-04
7.044768547875713161e+00 1.950000000000000000e+02 6.500000000000000000e+01 3.629148416435350188e-04
7.142612555485097658e+00 1.670000000000000000e+02 7.400000000000000000e+01 3.884402682500747014e-04
7.240456563094483045e+00 1.360000000000000000e+02 4.300000000000000000e+01 4.257912677603227741e-04
7.338300570703867542e+00 1.150000000000000000e+02 4.100000000000000000e+01 3.835260391723181944e-04
7.436144578313252040e+00 8.700000000000000000e+01 2.800000000000000000e+01 2.533006239978001853e-04
7.533988585922637427e+00 1.040000000000000000e+02 1.900000000000000000e+01 3.245194777176045164e-04
7.631832593532021924e+00 9.400000000000000000e+01 1.900000000000000000e+01 3.841929079008040674e-04
7.729676601141407311e+00 8.400000000000000000e+01 1.900000000000000000e+01 3.624439128077626979e-04
7.827520608750791808e+00 9.200000000000000000e+01 1.700000000000000000e+01 2.957544566113441816e-04
7.925364616360177195e+00 5.100000000000000000e+01 2.000000000000000000e+01 2.851030896580567333e-04
8.023208623969562581e+00 6.700000000000000000e+01 2.300000000000000000e+01 3.673979426525395692e-04
8.121052631578946190e+00 6.100000000000000000e+01 1.600000000000000000e+01 3.839525762370300018e-04
8.218896639188331577e+00 6.800000000000000000e+01 1.400000000000000000e+01 4.241773561129355552e-04
8.316740646797716963e+00 4.200000000000000000e+01 6.000000000000000000e+00 3.416497226099734531e-04
8.414584654407100572e+00 3.400000000000000000e+01 1.200000000000000000e+01 3.788585133223084712e-04
8.512428662016485958e+00 4.000000000000000000e+01 1.400000000000000000e+01 3.946886457170309241e-04
8.610272669625871345e+00 4.400000000000000000e+01 1.500000000000000000e+01 4.252178510229445837e-04
8.708116677235256731e+00 5.200000000000000000e+01 1.600000000000000000e+01 3.821615746254905304e-04
8.805960684844640340e+00 3.800000000000000000e+01 9.000000000000000000e+00 4.064387464975744357e-04
8.903804692454025727e+00 3.700000000000000000e+01 1.000000000000000000e+01 2.967852414038315884e-04
9.001648700063411113e+00 2.500000000000000000e+01 8.000000000000000000e+00 4.832231746980806186e-04
9.099492707672796499e+00 3.300000000000000000e+01 6.000000000000000000e+00 3.880972465550724276e-04
9.197336715282180108e+00 2.900000000000000000e+01 9.000000000000000000e+00 3.883231513434634661e-04
9.295180722891565495e+00 3.400000000000000000e+01 7.000000000000000000e+00 3.317222123188744566e-04
9.393024730500950881e+00 2.100000000000000000e+01 4.000000000000000000e+00 4.074811798380584640e-04
9.490868738110334490e+00 3.600000000000000000e+01 8.000000000000000000e+00 4.578116097944468421e-04
9.588712745719719877e+00 4.500000000000000000e+01 5.000000000000000000e+00 4.367920866170415845e-04
9.686556753329105263e+00 3.900000000000000000e+01 2.000000000000000000e+00 4.441493377073994992e-04
9.784400760938490649e+00 4.400000000000000000e+01 1.000000000000000000e+01 3.566154306016888135e-04
9.882244768547874259e+00 3.500000000000000000e+01 8.000000000000000000e+00 4.626263349915219337e-04
9.980088776157259645e+00 6.400000000000000000e+01 8.000000000000000000e+00 3.954648913317746579e-04
1.007793278376664503e+01 5.800000000000000000e+01 9.000000000000000000e+00 4.448432828749891623e-04
1.017577679137603042e+01 5.000000000000000000e+01 8.000000000000000000e+00 3.492144331912535736e-04
1.027362079898541403e+01 4.400000000000000000e+01 9.000000000000000000e+00 3.706145528513385065e-04
1.037146480659479941e+01 4.900000000000000000e+01 1.000000000000000000e+01 4.313975162682086068e-04
1.046930881420418480e+01 4.000000000000000000e+01 1.200000000000000000e+01 4.674288644267013729e-04
1.056715282181356841e+01 4.200000000000000000e+01 1.500000000000000000e+01 3.286069330692543522e-04
1.066499682942295379e+01 6.700000000000000000e+01 1.700000000000000000e+01 3.899826927180506534e-04
1.076284083703233918e+01 6.000000000000000000e+01 2.800000000000000000e+01 4.070915978683139341e-04
1.086068484464172457e+01 5.700000000000000000e+01 1.900000000000000000e+01 3.683815632928828603e-04
1.095852885225110818e+01 6.500000000000000000e+01 2.000000000000000000e+01 3.918685436801642259e-04
1.105637285986049356e+01 5.600000000000000000e+01 1.400000000000000000e+01 4.368643609644004295e-04
1.115421686746987895e+01 7.300000000000000000e+01 1.700000000000000000e+01 4.745540458325601561e-04
