0.000000000000000000e+00 0.000000000000000000e+00 1.000000000000000000e+00 3.346104447812099387e-03
4.892200380469245147e+02 9.000000000000000000e+00 1.000000000000000000e+00 5.114619487062084828e-04
9.784400760938490293e+02 1.000000000000000000e+00 1.000000000000000000e+00 1.888208591881910235e-04
1.467660114140773658e+03 1.000000000000000000e+00 1.000000000000000000e+00 1.690259212945221037e-02
1.956880152187698059e+03 1.000000000000000000e+00 1.000000000000000000e+00 2.836623815126385474e-04
2.446100190234622460e+03 1.000000000000000000e+00 1.000000000000000000e+00 8.982666809986463580e-03
2.935320228281547315e+03 1.000000000000000000e+00 1.000000000000000000e+00 4.876942569764026103e-04
3.424540266328471716e+03 1.000000000000000000e+00 1.000000000000000000e+00 5.620329074855200677e-04
3.913760304375396117e+03 9.000000000000000000e+00 1.000000000000000000e+00 5.178267190785667499e-04
4.402980342422320973e+03 2.100000000000000000e+01 1.000000000000000000e+00 2.938945074327095684e-04
4.892200380469244919e+03 3.700000000000000000e+01 1.000000000000000000e+00 1.248416007374655162e-02
5.381420418516169775e+03 4.200000000000000000e+01 1.000000000000000000e+00 1.420267807153727940e-02
5.870640456563094631e+03 4.000000000000000000e+01 1.000000000000000000e+00 1.405376122418842445e-02
6.359860494610018577e+03 1.700000000000000000e+01 1.000000000000000000e+00 1.192254834641252696e-02
6.849080532656943433e+03 4.000000000000000000e+00 1.000000000000000000e+00 3.014054585725907398e-04
7.338300570703867379e+03 4.000000000000000000e+00 1.000000000000000000e+00 1.608940575351398145e-04
7.827520608750792235e+03 6.000000000000000000e+00 1.000000000000000000e+00 1.180938122332682305e-02
8.316740646797716181e+03 1.500000000000000000e+01 1.000000000000000000e+00 3.156565899842262292e-04
8.805960684844641946e+03 1.900000000000000000e+01 1.000000000000000000e+00 1.425812948629105910e-02
9.295180722891565892e+03 3.700000000000000000e+01 1.000000000000000000e+00 2.741053142465808834e-02
9.784400760938489839e+03 1.800000000000000000e+01 1.000000000000000000e+00 3.321818050125437908e-04
1.027362079898541560e+04 2.800000000000000000e+01 1.000000000000000000e+00 1.961032307524808872e-04
1.076284083703233955e+04 2.300000000000000000e+01 1.000000000000000000e+00 2.635821926842372705e-04
1.125206087507926350e+04 1.200000000000000000e+01 1.000000000000000000e+00 1.747105472113524697e-04
1.174128091312618926e+04 3.000000000000000000e+00 1.000000000000000000e+00 3.128726214250440816e-04
1.223050095117311321e+04 1.000000000000000000e+00 1.000000000000000000e+00 1.384070033282312241e-02
1.271972098922003715e+04 1.500000000000000000e+01 1.000000000000000000e+00 1.845203538163825430e-02
1.320894102726696110e+04 1.000000000000000000e+01 1.000000000000000000e+00 3.231619749053860524e-04
