0.000000000000000000e+00 0.000000000000000000e+00 1.000000000000000000e+00 0.000000000000000000e+00
4.892200380469245713e-03 1.000000000000000000e+00 1.000000000000000000e+00 0.000000000000000000e+00
9.784400760938491426e-03 1.000000000000000000e+00 1.000000000000000000e+00 0.000000000000000000e+00
1.467660114140773714e-02 1.000000000000000000e+00 1.000000000000000000e+00 0.000000000000000000e+00
1.956880152187698285e-02 1.000000000000000000e+00 1.000000000000000000e+00 0.000000000000000000e+00
2.446100190234622856e-02 1.000000000000000000e+00 1.000000000000000000e+00 0.000000000000000000e+00
2.935320228281547428e-02 1.000000000000000000e+00 1.000000000000000000e+00 0.000000000000000000e+00
3.424540266328471999e-02 1.100000000000000000e+01 1.000000000000000000e+00 0.000000000000000000e+00
3.913760304375396570e-02 1.300000000000000000e+01 1.100000000000000000e+01 0.000000000000000000e+00
4.402980342422321142e-02 3.700000000000000000e+01 3.900000000000000000e+01 0.000000000000000000e+00
4.892200380469245713e-02 5.300000000000000000e+01 1.090000000000000000e+02 0.000000000000000000e+00
5.381420418516170284e-02 6.100000000000000000e+01 1.030000000000000000e+02 0.000000000000000000e+00
5.870640456563094856e-02 7.900000000000000000e+01 1.030000000000000000e+02 0.000000000000000000e+00
6.359860494610020121e-02 8.500000000000000000e+01 1.730000000000000000e+02 0.000000000000000000e+00
6.849080532656943998e-02 1.090000000000000000e+02 1.570000000000000000e+02 0.000000000000000000e+00
7.338300570703867876e-02 1.330000000000000000e+02 2.030000000000000000e+02 0.000000000000000000e+00
7.827520608750793141e-02 1.510000000000000000e+02 2.150000000000000000e+02 0.000000000000000000e+00
8.316740646797718406e-02 1.580000000000000000e+02 2.630000000000000000e+02 0.000000000000000000e+00
8.805960684844642283e-02 2.550000000000000000e+02 2.640000000000000000e+02 0.000000000000000000e+00
9.295180722891566161e-02 2.730000000000000000e+02 3.210000000000000000e+02 0.000000000000000000e+00
9.784400760938491426e-02 3.700000000000000000e+02 3.860000000000000000e+02 0.000000000000000000e+00
1.027362079898541669e-01 4.010000000000000000e+02 4.650000000000000000e+02 0.000000000000000000e+00
1.076284083703234057e-01 4.360000000000000000e+02 5.320000000000000000e+02 0.000000000000000000e+00
1.125206087507926445e-01 5.150000000000000000e+02 6.040000000000000000e+02 0.000000000000000000e+00
1.174128091312618971e-01 5.820000000000000000e+02 6.890000000000000000e+02 0.000000000000000000e+00
1.223050095117311498e-01 6.820000000000000000e+02 7.630000000000000000e+02 0.000000000000000000e+00
1.271972098922004024e-01 7.470000000000000000e+02 8.900000000000000000e+02 0.000000000000000000e+00
1.320894102726696273e-01 8.740000000000000000e+02 1.027000000000000000e+03 0.000000000000000000e+00
1.369816106531388800e-01 9.450000000000000000e+02 1.136000000000000000e+03 0.000000000000000000e+00
1.418738110336081326e-01 9.950000000000000000e+02 1.228000000000000000e+03 0.000000000000000000e+00
1.467660114140773575e-01 1.045000000000000000e+03 1.261000000000000000e+03 0.000000000000000000e+00
1.516582117945466102e-01 1.012000000000000000e+03 1.369000000000000000e+03 0.000000000000000000e+00
1.565504121750158628e-01 1.028000000000000000e+03 1.365000000000000000e+03 0.000000000000000000e+00
1.614426125554851155e-01 1.073000000000000000e+03 1.407000000000000000e+03 0.000000000000000000e+00
1.663348129359543681e-01 1.080000000000000000e+03 1.422000000000000000e+03 0.000000000000000000e+00
1.712270133164235930e-01 1.082000000000000000e+03 1.493000000000000000e+03 0.000000000000000000e+00
1.761192136968928457e-01 1.125000000000000000e+03 1.608000000000000000e+03 0.000000000000000000e+00
1.810114140773620983e-01 1.152000000000000000e+03 1.571000000000000000e+03 0.000000000000000000e+00
1.859036144578313232e-01 1.155000000000000000e+03 1.643000000000000000e+03 0.000000000000000000e+00
1.907958148383005759e-01 1.168000000000000000e+03 1.676000000000000000e+03 0.000000000000000000e+00
1.956880152187698285e-01 1.206000000000000000e+03 1.775000000000000000e+03 0.000000000000000000e+00
2.005802155992390812e-01 1.210000000000000000e+03 1.786000000000000000e+03 0.000000000000000000e+00
2.054724159797083338e-01 1.230000000000000000e+03 1.744000000000000000e+03 0.000000000000000000e+00
2.103646163601775587e-01 1.193000000000000000e+03 1.735000000000000000e+03 0.000000000000000000e+00
2.152568167406468114e-01 1.254000000000000000e+03 1.719000000000000000e+03 0.000000000000000000e+00
2.201490171211160640e-01 1.323000000000000000e+03 1.802000000000000000e+03 0.000000000000000000e+00
2.250412175015852889e-01 1.383000000000000000e+03 1.740000000000000000e+03 0.000000000000000000e+00
2.299334178820545416e-01 1.386000000000000000e+03 1.783000000000000000e+03 0.000000000000000000e+00
2.348256182625237942e-01 1.358000000000000000e+03 1.824000000000000000e+03 0.000000000000000000e+00
2.397178186429930469e-01 1.434000000000000000e+03 1.798000000000000000e+03 0.000000000000000000e+00
2.446100190234622995e-01 1.500000000000000000e+03 1.748000000000000000e+03 0.000000000000000000e+00
2.495022194039315244e-01 1.481000000000000000e+03 1.808000000000000000e+03 0.000000000000000000e+00
2.543944197844008048e-01 1.489000000000000000e+03 1.770000000000000000e+03 0.000000000000000000e+00
2.592866201648700297e-01 1.486000000000000000e+03 1.737000000000000000e+03 0.000000000000000000e+00
2.641788205453392546e-01 1.531000000000000000e+03 1.696000000000000000e+03 0.000000000000000000e+00
2.690710209258085350e-01 1.412000000000000000e+03 1.709000000000000000e+03 0.000000000000000000e+00
2.739632213062777599e-01 1.402000000000000000e+03 1.629000000000000000e+03 0.000000000000000000e+00
2.788554216867469848e-01 1.386000000000000000e+03 1.597000000000000000e+03 0.000000000000000000e+00
2.837476220672162652e-01 1.356000000000000000e+03 1.447000000000000000e+03 0.000000000000000000e+00
2.886398224476854901e-01 1.352000000000000000e+03 1.555000000000000000e+03 0.000000000000000000e+00
2.935320228281547150e-01 1.397000000000000000e+03 1.468000000000000000e+03 0.000000000000000000e+00
2.984242232086239954e-01 1.314000000000000000e+03 1.327000000000000000e+03 0.000000000000000000e+00
3.033164235890932203e-01 1.251000000000000000e+03 1.358000000000000000e+03 0.000000000000000000e+00
3.082086239695625007e-01 1.232000000000000000e+03 1.300000000000000000e+03 0.000000000000000000e+00
3.131008243500317256e-01 1.172000000000000000e+03 1.230000000000000000e+03 0.000000000000000000e+00
3.179930247305009505e-01 1.057000000000000000e+03 1.169000000000000000e+03 0.000000000000000000e+00
3.228852251109702309e-01 1.149000000000000000e+03 1.218000000000000000e+03 0.000000000000000000e+00
3.277774254914394558e-01 1.194000000000000000e+03 1.228000000000000000e+03 0.000000000000000000e+00
3.326696258719087362e-01 1.174000000000000000e+03 1.176000000000000000e+03 0.000000000000000000e+00
3.375618262523779611e-01 1.199000000000000000e+03 1.156000000000000000e+03 0.000000000000000000e+00
3.424540266328471860e-01 1.171000000000000000e+03 1.216000000000000000e+03 0.000000000000000000e+00
3.473462270133164664e-01 1.161000000000000000e+03 1.163000000000000000e+03 0.000000000000000000e+00
3.522384273937856913e-01 1.263000000000000000e+03 1.297000000000000000e+03 0.000000000000000000e+00
3.571306277742549162e-01 1.298000000000000000e+03 1.417000000000000000e+03 0.000000000000000000e+00
3.620228281547241966e-01 1.308000000000000000e+03 1.477000000000000000e+03 0.000000000000000000e+00
3.669150285351934215e-01 1.303000000000000000e+03 1.444000000000000000e+03 0.000000000000000000e+00
3.718072289156626464e-01 1.384000000000000000e+03 1.403000000000000000e+03 0.000000000000000000e+00
3.766994292961319268e-01 1.412000000000000000e+03 1.384000000000000000e+03 0.000000000000000000e+00
3.815916296766011517e-01 1.371000000000000000e+03 1.426000000000000000e+03 0.000000000000000000e+00
3.864838300570704321e-01 1.347000000000000000e+03 1.362000000000000000e+03 0.000000000000000000e+00
3.913760304375396570e-01 1.366000000000000000e+03 1.325000000000000000e+03 0.000000000000000000e+00
3.962682308180088819e-01 1.377000000000000000e+03 1.358000000000000000e+03 0.000000000000000000e+00
4.011604311984781623e-01 1.402000000000000000e+03 1.355000000000000000e+03 0.000000000000000000e+00
4.060526315789473872e-01 1.411000000000000000e+03 1.342000000000000000e+03 0.000000000000000000e+00
4.109448319594166676e-01 1.345000000000000000e+03 1.385000000000000000e+03 0.000000000000000000e+00
4.158370323398858925e-01 1.427000000000000000e+03 1.384000000000000000e+03 0.000000000000000000e+00
4.207292327203551174e-01 1.438000000000000000e+03 1.298000000000000000e+03 0.000000000000000000e+00
4.256214331008243978e-01 1.442000000000000000e+03 1.320000000000000000e+03 0.000000000000000000e+00
4.305136334812936227e-01 1.466000000000000000e+03 1.283000000000000000e+03 0.000000000000000000e+00
4.354058338617628476e-01 1.452000000000000000e+03 1.223000000000000000e+03 0.000000000000000000e+00
4.402980342422321280e-01 1.549000000000000000e+03 1.087000000000000000e+03 0.000000000000000000e+00
4.451902346227013529e-01 1.507000000000000000e+03 1.093000000000000000e+03 0.000000000000000000e+00
4.500824350031705778e-01 1.488000000000000000e+03 1.113000000000000000e+03 0.000000000000000000e+00
4.549746353836398582e-01 1.507000000000000000e+03 1.046000000000000000e+03 0.000000000000000000e+00
4.598668357641090831e-01 1.478000000000000000e+03 1.040000000000000000e+03 0.000000000000000000e+00
4.647590361445783635e-01 1.569000000000000000e+03 1.150000000000000000e+03 0.000000000000000000e+00
4.696512365250475884e-01 1.535000000000000000e+03 1.177000000000000000e+03 0.000000000000000000e+00
4.745434369055168133e-01 1.502000000000000000e+03 1.118000000000000000e+03 0.000000000000000000e+00
4.794356372859860937e-01 1.436000000000000000e+03 1.053000000000000000e+03 0.000000000000000000e+00
4.843278376664553186e-01 1.432000000000000000e+03 1.002000000000000000e+03 0.000000000000000000e+00
4.892200380469245991e-01 1.364000000000000000e+03 9.650000000000000000e+02 0.000000000000000000e+00
4.941122384273938239e-01 1.391000000000000000e+03 9.370000000000000000e+02 0.000000000000000000e+00
4.990044388078630488e-01 1.415000000000000000e+03 9.110000000000000000e+02 0.000000000000000000e+00
5.038966391883322737e-01 1.450000000000000000e+03 8.300000000000000000e+02 0.000000000000000000e+00
5.087888395688016097e-01 1.404000000000000000e+03 9.880000000000000000e+02 0.000000000000000000e+00
5.136810399492708346e-01 1.456000000000000000e+03 1.003000000000000000e+03 0.000000000000000000e+00
5.185732403297400595e-01 1.433000000000000000e+03 1.029000000000000000e+03 0.000000000000000000e+00
5.234654407102092843e-01 1.512000000000000000e+03 1.068000000000000000e+03 0.000000000000000000e+00
5.283576410906785092e-01 1.575000000000000000e+03 1.110000000000000000e+03 0.000000000000000000e+00
5.332498414711477341e-01 1.541000000000000000e+03 1.129000000000000000e+03 0.000000000000000000e+00
5.381420418516170701e-01 1.603000000000000000e+03 9.840000000000000000e+02 0.000000000000000000e+00
5.430342422320862950e-01 1.660000000000000000e+03 8.520000000000000000e+02 0.000000000000000000e+00
5.479264426125555199e-01 1.711000000000000000e+03 8.570000000000000000e+02 0.000000000000000000e+00
5.528186429930247447e-01 1.660000000000000000e+03 1.026000000000000000e+03 0.000000000000000000e+00
5.577108433734939696e-01 1.571000000000000000e+03 9.110000000000000000e+02 0.000000000000000000e+00
5.626030437539633056e-01 1.577000000000000000e+03 8.210000000000000000e+02 0.000000000000000000e+00
5.674952441344325305e-01 1.444000000000000000e+03 9.390000000000000000e+02 0.000000000000000000e+00
5.723874445149017554e-01 1.372000000000000000e+03 7.860000000000000000e+02 0.000000000000000000e+00
5.772796448953709803e-01 1.415000000000000000e+03 8.730000000000000000e+02 0.000000000000000000e+00
5.821718452758402051e-01 1.392000000000000000e+03 8.730000000000000000e+02 0.000000000000000000e+00
5.870640456563094300e-01 1.414000000000000000e+03 8.510000000000000000e+02 0.000000000000000000e+00
5.919562460367787660e-01 1.387000000000000000e+03 8.010000000000000000e+02 0.000000000000000000e+00
5.968484464172479909e-01 1.376000000000000000e+03 7.920000000000000000e+02 0.000000000000000000e+00
6.017406467977172158e-01 1.445000000000000000e+03 7.870000000000000000e+02 0.000000000000000000e+00
6.066328471781864407e-01 1.286000000000000000e+03 6.780000000000000000e+02 0.000000000000000000e+00
6.115250475586556655e-01 1.140000000000000000e+03 6.810000000000000000e+02 0.000000000000000000e+00
6.164172479391250015e-01 1.111000000000000000e+03 6.730000000000000000e+02 0.000000000000000000e+00
6.213094483195942264e-01 9.610000000000000000e+02 6.790000000000000000e+02 0.000000000000000000e+00
6.262016487000634513e-01 8.690000000000000000e+02 6.520000000000000000e+02 0.000000000000000000e+00
6.310938490805326762e-01 8.820000000000000000e+02 6.910000000000000000e+02 0.000000000000000000e+00
6.359860494610019011e-01 8.900000000000000000e+02 6.740000000000000000e+02 0.000000000000000000e+00
6.408782498414712370e-01 8.620000000000000000e+02 6.980000000000000000e+02 0.000000000000000000e+00
6.457704502219404619e-01 8.590000000000000000e+02 7.080000000000000000e+02 0.000000000000000000e+00
6.506626506024096868e-01 9.010000000000000000e+02 6.440000000000000000e+02 0.000000000000000000e+00
6.555548509828789117e-01 9.040000000000000000e+02 7.050000000000000000e+02 0.000000000000000000e+00
6.604470513633481366e-01 8.710000000000000000e+02 6.940000000000000000e+02 0.000000000000000000e+00
6.653392517438174725e-01 8.680000000000000000e+02 7.150000000000000000e+02 0.000000000000000000e+00
6.702314521242866974e-01 8.870000000000000000e+02 7.540000000000000000e+02 0.000000000000000000e+00
6.751236525047559223e-01 9.400000000000000000e+02 6.560000000000000000e+02 0.000000000000000000e+00
6.800158528852251472e-01 9.860000000000000000e+02 6.840000000000000000e+02 0.000000000000000000e+00
6.849080532656943721e-01 1.042000000000000000e+03 7.460000000000000000e+02 0.000000000000000000e+00
6.898002536461635970e-01 1.117000000000000000e+03 7.320000000000000000e+02 0.000000000000000000e+00
6.946924540266329329e-01 1.127000000000000000e+03 6.750000000000000000e+02 0.000000000000000000e+00
6.995846544071021578e-01 1.230000000000000000e+03 7.450000000000000000e+02 0.000000000000000000e+00
7.044768547875713827e-01 1.270000000000000000e+03 6.820000000000000000e+02 0.000000000000000000e+00
7.093690551680406076e-01 1.261000000000000000e+03 7.450000000000000000e+02 0.000000000000000000e+00
7.142612555485098325e-01 1.130000000000000000e+03 7.310000000000000000e+02 0.000000000000000000e+00
7.191534559289791684e-01 1.080000000000000000e+03 8.270000000000000000e+02 0.000000000000000000e+00
7.240456563094483933e-01 1.080000000000000000e+03 9.000000000000000000e+02 0.000000000000000000e+00
7.289378566899176182e-01 1.061000000000000000e+03 8.790000000000000000e+02 0.000000000000000000e+00
7.338300570703868431e-01 1.084000000000000000e+03 9.160000000000000000e+02 0.000000000000000000e+00
7.387222574508560680e-01 1.046000000000000000e+03 9.710000000000000000e+02 0.000000000000000000e+00
7.436144578313252929e-01 1.035000000000000000e+03 9.510000000000000000e+02 0.000000000000000000e+00
7.485066582117946288e-01 1.032000000000000000e+03 1.002000000000000000e+03 0.000000000000000000e+00
7.533988585922638537e-01 1.040000000000000000e+03 1.078000000000000000e+03 0.000000000000000000e+00
7.582910589727330786e-01 1.042000000000000000e+03 9.990000000000000000e+02 0.000000000000000000e+00
