0.000000000000000000e+00 0.000000000000000000e+00 1.000000000000000000e+00 3.346104447812099387e-03
4.892200380469245713e-03 1.000000000000000000e+00 1.000000000000000000e+00 2.087389518953134738e-04
9.784400760938491426e-03 3.000000000000000000e+00 1.000000000000000000e+00 1.996898039028502316e-04
1.467660114140773714e-02 7.000000000000000000e+00 7.000000000000000000e+00 1.802355651463203375e-04
1.956880152187698285e-02 1.000000000000000000e+00 5.000000000000000000e+00 4.875167319875602589e-05
2.446100190234622856e-02 1.000000000000000000e+00 3.000000000000000000e+00 1.036576388309898983e-04
2.935320228281547428e-02 9.000000000000000000e+00 3.000000000000000000e+00 1.964278087209793389e-04
3.424540266328471999e-02 2.100000000000000000e+01 2.100000000000000000e+01 1.738287505993212534e-04
3.913760304375396570e-02 7.500000000000000000e+01 6.500000000000000000e+01 1.987379170888099950e-04
4.402980342422321142e-02 1.050000000000000000e+02 8.800000000000000000e+01 1.756941736820313241e-04
4.892200380469245713e-02 1.010000000000000000e+02 1.550000000000000000e+02 1.875818731905242863e-04
5.381420418516170284e-02 1.280000000000000000e+02 1.420000000000000000e+02 1.727236921589876564e-04
5.870640456563094856e-02 1.930000000000000000e+02 2.310000000000000000e+02 1.984114242150815551e-04
6.359860494610020121e-02 2.540000000000000000e+02 2.520000000000000000e+02 1.814230080533604968e-04
6.849080532656943998e-02 2.540000000000000000e+02 3.110000000000000000e+02 1.886032101177011211e-04
7.338300570703867876e-02 3.120000000000000000e+02 3.320000000000000000e+02 1.783729478016002714e-04
7.827520608750793141e-02 4.020000000000000000e+02 3.990000000000000000e+02 1.955270847950576400e-04
8.316740646797718406e-02 5.290000000000000000e+02 5.880000000000000000e+02 1.844991908667841798e-04
8.805960684844642283e-02 6.660000000000000000e+02 7.130000000000000000e+02 1.771507902362527871e-04
9.295180722891566161e-02 7.820000000000000000e+02 8.620000000000000000e+02 1.891056147726784969e-04
9.784400760938491426e-02 8.760000000000000000e+02 9.790000000000000000e+02 1.771839298773524734e-04
1.027362079898541669e-01 1.076000000000000000e+03 1.191000000000000000e+03 1.820876377843121184e-04
1.076284083703234057e-01 1.240000000000000000e+03 1.377000000000000000e+03 1.768366481985360914e-04
1.125206087507926445e-01 1.336000000000000000e+03 1.521000000000000000e+03 1.789408673936531238e-04
1.174128091312618971e-01 1.449000000000000000e+03 1.597000000000000000e+03 1.634055211875949654e-04
1.223050095117311498e-01 1.515000000000000000e+03 1.720000000000000000e+03 1.434946098176103680e-04
1.271972098922004024e-01 1.667000000000000000e+03 1.782000000000000000e+03 1.839479912102679501e-04
1.320894102726696273e-01 1.764000000000000000e+03 1.941000000000000000e+03 1.835509573433141228e-04
1.369816106531388800e-01 1.867000000000000000e+03 1.987000000000000000e+03 1.791218362186090276e-04
1.418738110336081326e-01 1.875000000000000000e+03 2.048000000000000000e+03 1.612244013165529738e-04
1.467660114140773575e-01 1.911000000000000000e+03 2.144000000000000000e+03 1.543776467807941811e-04
1.516582117945466102e-01 1.979000000000000000e+03 2.202000000000000000e+03 1.731849671360653526e-04
1.565504121750158628e-01 2.025000000000000000e+03 2.261000000000000000e+03 1.452970747957951152e-04
1.614426125554851155e-01 2.073000000000000000e+03 2.279000000000000000e+03 1.753556336584393088e-04
1.663348129359543681e-01 2.257000000000000000e+03 2.462000000000000000e+03 1.292881589747029759e-04
1.712270133164235930e-01 2.179000000000000000e+03 2.409000000000000000e+03 1.556264024697543997e-04
1.761192136968928457e-01 2.179000000000000000e+03 2.343000000000000000e+03 1.185320742772940148e-04
1.810114140773620983e-01 2.180000000000000000e+03 2.400000000000000000e+03 1.630681047843494556e-04
1.859036144578313232e-01 2.380000000000000000e+03 2.487000000000000000e+03 1.799156486336602931e-04
1.907958148383005759e-01 2.509000000000000000e+03 2.665000000000000000e+03 1.685959909056856650e-04
1.956880152187698285e-01 2.597000000000000000e+03 2.724000000000000000e+03 1.620062024113507219e-04
