0.000000000000000000e+00 0.000000000000000000e+00 1.000000000000000000e+00 0.000000000000000000e+00
4.892200380469245019e-02 1.000000000000000000e+00 1.000000000000000000e+00 0.000000000000000000e+00
9.784400760938490038e-02 1.000000000000000000e+00 1.000000000000000000e+00 0.000000000000000000e+00
1.467660114140773575e-01 1.000000000000000000e+00 1.000000000000000000e+00 0.000000000000000000e+00
1.956880152187698008e-01 1.000000000000000000e+00 1.000000000000000000e+00 0.000000000000000000e+00
2.446100190234622440e-01 1.000000000000000000e+00 1.000000000000000000e+00 0.000000000000000000e+00
2.935320228281547150e-01 1.000000000000000000e+00 1.000000000000000000e+00 0.000000000000000000e+00
3.424540266328471305e-01 1.000000000000000000e+00 1.000000000000000000e+00 0.000000000000000000e+00
3.913760304375396015e-01 1.000000000000000000e+00 1.000000000000000000e+00 0.000000000000000000e+00
4.402980342422320725e-01 1.000000000000000000e+00 1.000000000000000000e+00 0.000000000000000000e+00
4.892200380469244880e-01 1.000000000000000000e+00 1.000000000000000000e+00 0.000000000000000000e+00
5.381420418516169590e-01 1.000000000000000000e+00 1.000000000000000000e+00 0.000000000000000000e+00
5.870640456563094300e-01 2.000000000000000000e+00 1.000000000000000000e+00 0.000000000000000000e+00
6.359860494610019011e-01 3.000000000000000000e+00 1.000000000000000000e+00 0.000000000000000000e+00
6.849080532656942610e-01 8.000000000000000000e+00 1.000000000000000000e+00 0.000000000000000000e+00
7.338300570703867320e-01 1.400000000000000000e+01 3.000000000000000000e+00 0.000000000000000000e+00
7.827520608750792031e-01 1.600000000000000000e+01 6.000000000000000000e+00 0.000000000000000000e+00
8.316740646797716741e-01 1.000000000000000000e+01 7.000000000000000000e+00 0.000000000000000000e+00
8.805960684844641451e-01 1.600000000000000000e+01 7.000000000000000000e+00 0.000000000000000000e+00
9.295180722891565051e-01 1.900000000000000000e+01 5.000000000000000000e+00 0.000000000000000000e+00
9.784400760938489761e-01 1.500000000000000000e+01 6.000000000000000000e+00 0.000000000000000000e+00
1.027362079898541447e+00 1.900000000000000000e+01 3.000000000000000000e+00 0.000000000000000000e+00
1.076284083703233918e+00 1.900000000000000000e+01 5.000000000000000000e+00 0.000000000000000000e+00
1.125206087507926389e+00 2.300000000000000000e+01 7.000000000000000000e+00 0.000000000000000000e+00
1.174128091312618860e+00 3.200000000000000000e+01 1.000000000000000000e+01 0.000000000000000000e+00
1.223050095117311331e+00 3.200000000000000000e+01 1.000000000000000000e+01 0.000000000000000000e+00
1.271972098922003802e+00 2.800000000000000000e+01 1.800000000000000000e+01 0.000000000000000000e+00
1.320894102726696051e+00 3.100000000000000000e+01 1.600000000000000000e+01 0.000000000000000000e+00
1.369816106531388522e+00 3.000000000000000000e+01 1.800000000000000000e+01 0.000000000000000000e+00
1.418738110336080993e+00 3.200000000000000000e+01 1.800000000000000000e+01 0.000000000000000000e+00
