0.000000000000000000e+00 0.000000000000000000e+00 1.000000000000000000e+00 3.346104447812099387e-03
4.892200380469245019e-02 1.000000000000000000e+00 1.000000000000000000e+00 3.759377743168404798e-04
9.784400760938490038e-02 1.000000000000000000e+00 1.000000000000000000e+00 3.725189699042480754e-04
1.467660114140773575e-01 1.000000000000000000e+00 1.000000000000000000e+00 3.636843660378529918e-04
1.956880152187698008e-01 1.000000000000000000e+00 1.000000000000000000e+00 4.179088225618437093e-04
2.446100190234622440e-01 1.000000000000000000e+00 1.000000000000000000e+00 4.283810529937291190e-04
2.935320228281547150e-01 1.000000000000000000e+00 1.000000000000000000e+00 3.245251561433126763e-04
3.424540266328471305e-01 1.000000000000000000e+00 1.000000000000000000e+00 3.207233839209335901e-04
3.913760304375396015e-01 1.000000000000000000e+00 1.000000000000000000e+00 3.290261917162192926e-04
4.402980342422320725e-01 1.500000000000000000e+01 1.000000000000000000e+00 3.253858820849739948e-04
4.892200380469244880e-01 1.300000000000000000e+01 5.000000000000000000e+00 3.142060601313986464e-04
5.381420418516169590e-01 1.700000000000000000e+01 5.000000000000000000e+00 3.688126159295660768e-04
5.870640456563094300e-01 1.700000000000000000e+01 1.200000000000000000e+01 3.235907149929332510e-04
6.359860494610019011e-01 2.200000000000000000e+01 8.000000000000000000e+00 3.312322067236275172e-04
6.849080532656942610e-01 3.100000000000000000e+01 1.600000000000000000e+01 3.063599204405771897e-04
7.338300570703867320e-01 2.900000000000000000e+01 1.300000000000000000e+01 3.207149365028953529e-04
7.827520608750792031e-01 4.300000000000000000e+01 2.200000000000000000e+01 3.368918347285181558e-04
8.316740646797716741e-01 1.070000000000000000e+02 3.600000000000000000e+01 3.170156880858840333e-04
8.805960684844641451e-01 9.900000000000000000e+01 3.600000000000000000e+01 3.260225094524413095e-04
9.295180722891565051e-01 1.840000000000000000e+02 6.900000000000000000e+01 3.321385409048034209e-04
9.784400760938489761e-01 2.290000000000000000e+02 1.170000000000000000e+02 2.900490700352292037e-04
1.027362079898541447e+00 3.240000000000000000e+02 1.500000000000000000e+02 3.348676255316713601e-04
1.076284083703233918e+00 3.680000000000000000e+02 2.070000000000000000e+02 3.268305211531220811e-04
1.125206087507926389e+00 3.750000000000000000e+02 2.410000000000000000e+02 3.183416780728914896e-04
1.174128091312618860e+00 4.280000000000000000e+02 2.990000000000000000e+02 3.434343791405744506e-04
1.223050095117311331e+00 4.220000000000000000e+02 2.870000000000000000e+02 3.292606548044389714e-04
1.271972098922003802e+00 4.720000000000000000e+02 2.800000000000000000e+02 3.197994046891613649e-04
1.320894102726696051e+00 4.550000000000000000e+02 2.630000000000000000e+02 3.331297865974203794e-04
1.369816106531388522e+00 4.110000000000000000e+02 2.760000000000000000e+02 3.274713109469726746e-04
1.418738110336080993e+00 4.010000000000000000e+02 2.650000000000000000e+02 3.311216562808505493e-04
1.467660114140773464e+00 4.130000000000000000e+02 2.480000000000000000e+02 2.890096736025063581e-04
1.516582117945465935e+00 4.840000000000000000e+02 2.640000000000000000e+02 3.234686302422616318e-04
1.565504121750158406e+00 4.490000000000000000e+02 2.760000000000000000e+02 2.371952815149400975e-04
1.614426125554850877e+00 5.020000000000000000e+02 2.720000000000000000e+02 3.272519898057069890e-04
1.663348129359543348e+00 4.730000000000000000e+02 2.360000000000000000e+02 2.348423158914903733e-04
1.712270133164235819e+00 4.410000000000000000e+02 2.430000000000000000e+02 3.373674576529951826e-04
1.761192136968928290e+00 4.900000000000000000e+02 2.510000000000000000e+02 3.148477450569553567e-04
1.810114140773620761e+00 4.570000000000000000e+02 2.720000000000000000e+02 3.233207234457210685e-04
1.859036144578313010e+00 4.930000000000000000e+02 2.890000000000000000e+02 3.227990133233154570e-04
1.907958148383005481e+00 5.320000000000000000e+02 2.860000000000000000e+02 2.333628378596234846e-04
1.956880152187697952e+00 4.840000000000000000e+02 2.750000000000000000e+02 2.066578290769934022e-04
2.005802155992390645e+00 4.740000000000000000e+02 2.920000000000000000e+02 2.973747182245798423e-04
2.054724159797082894e+00 5.040000000000000000e+02 2.560000000000000000e+02 1.939694281448956479e-04
2.103646163601775143e+00 4.610000000000000000e+02 2.160000000000000000e+02 2.971189536490803011e-04
2.152568167406467836e+00 5.030000000000000000e+02 2.160000000000000000e+02 3.138299074991362831e-04
2.201490171211160085e+00 4.290000000000000000e+02 1.600000000000000000e+02 2.785785941200723953e-04
2.250412175015852778e+00 5.060000000000000000e+02 1.690000000000000000e+02 2.638367555065137269e-04
2.299334178820545027e+00 4.480000000000000000e+02 1.990000000000000000e+02 2.971004695111633038e-04
2.348256182625237720e+00 5.230000000000000000e+02 2.270000000000000000e+02 2.093595816609775746e-04
2.397178186429929969e+00 4.520000000000000000e+02 2.040000000000000000e+02 2.482415490777337033e-04
2.446100190234622662e+00 4.810000000000000000e+02 2.220000000000000000e+02 2.862434374722902086e-04
2.495022194039314911e+00 4.310000000000000000e+02 1.950000000000000000e+02 1.836401495567054499e-04
2.543944197844007604e+00 4.220000000000000000e+02 1.910000000000000000e+02 2.931108686132189128e-04
2.592866201648699853e+00 4.410000000000000000e+02 1.880000000000000000e+02 2.850804491018836128e-04
2.641788205453392102e+00 4.600000000000000000e+02 2.060000000000000000e+02 2.705828774687294097e-04
2.690710209258084795e+00 4.620000000000000000e+02 1.990000000000000000e+02 2.700912905099178522e-04
2.739632213062777044e+00 4.240000000000000000e+02 2.120000000000000000e+02 3.050539980776491820e-04
2.788554216867469737e+00 4.850000000000000000e+02 2.090000000000000000e+02 2.893920845700143725e-04
2.837476220672161986e+00 4.960000000000000000e+02 2.280000000000000000e+02 2.850513956383270912e-04
2.886398224476854679e+00 4.590000000000000000e+02 1.680000000000000000e+02 2.548075085417641616e-04
2.935320228281546928e+00 4.120000000000000000e+02 1.660000000000000000e+02 2.980026238544804555e-04
2.984242232086239621e+00 3.920000000000000000e+02 1.820000000000000000e+02 2.477433951629464488e-04
3.033164235890931870e+00 3.840000000000000000e+02 1.470000000000000000e+02 2.335123031541925956e-04
3.082086239695624563e+00 2.850000000000000000e+02 9.900000000000000000e+01 2.854034872184612053e-04
3.131008243500316812e+00 3.210000000000000000e+02 1.250000000000000000e+02 2.521488634817095273e-04
3.179930247305009061e+00 3.270000000000000000e+02 1.090000000000000000e+02 2.898100954199053130e-04
3.228852251109701754e+00 3.770000000000000000e+02 8.000000000000000000e+01 2.253923750135836221e-04
3.277774254914394003e+00 3.170000000000000000e+02 7.600000000000000000e+01 2.793909853990101310e-04
3.326696258719086696e+00 2.770000000000000000e+02 1.070000000000000000e+02 1.961546841917549070e-04
3.375618262523778945e+00 2.960000000000000000e+02 1.250000000000000000e+02 2.783521648331374219e-04
3.424540266328471638e+00 2.880000000000000000e+02 1.240000000000000000e+02 2.783056337361909790e-04
3.473462270133163887e+00 2.880000000000000000e+02 1.260000000000000000e+02 2.173160959420664161e-04
3.522384273937856580e+00 2.510000000000000000e+02 1.320000000000000000e+02 2.226076213161002856e-04
3.571306277742548829e+00 2.800000000000000000e+02 1.520000000000000000e+02 2.798057421119503371e-04
3.620228281547241522e+00 2.470000000000000000e+02 1.590000000000000000e+02 2.293782776966475764e-04
3.669150285351933771e+00 2.800000000000000000e+02 1.610000000000000000e+02 2.484807765021802427e-04
3.718072289156626020e+00 2.640000000000000000e+02 1.660000000000000000e+02 2.052987844087697078e-04
3.766994292961318713e+00 2.420000000000000000e+02 1.650000000000000000e+02 2.638230363532569371e-04
3.815916296766010962e+00 2.300000000000000000e+02 1.440000000000000000e+02 3.036595249048034480e-04
3.864838300570703655e+00 1.970000000000000000e+02 1.650000000000000000e+02 2.692803545983124070e-04
3.913760304375395904e+00 2.080000000000000000e+02 1.220000000000000000e+02 3.181393803882210281e-04
3.962682308180088597e+00 2.070000000000000000e+02 1.430000000000000000e+02 2.847085915709778579e-04
4.011604311984781290e+00 2.000000000000000000e+02 1.260000000000000000e+02 2.912606703747843838e-04
4.060526315789473095e+00 1.900000000000000000e+02 1.270000000000000000e+02 3.044654196073325698e-04
4.109448319594165788e+00 1.650000000000000000e+02 1.130000000000000000e+02 3.360362679894868363e-04
4.158370323398858481e+00 1.790000000000000000e+02 1.260000000000000000e+02 3.176121984080794566e-04
4.207292327203550286e+00 1.550000000000000000e+02 1.240000000000000000e+02 2.841844657184535361e-04
4.256214331008242979e+00 1.860000000000000000e+02 1.260000000000000000e+02 3.277718433581744504e-04
4.305136334812935672e+00 1.570000000000000000e+02 1.170000000000000000e+02 3.260299793967960636e-04
4.354058338617628365e+00 1.520000000000000000e+02 8.600000000000000000e+01 3.378017991950212377e-04
4.402980342422320170e+00 1.810000000000000000e+02 1.030000000000000000e+02 3.106188479903604664e-04
4.451902346227012863e+00 1.590000000000000000e+02 9.700000000000000000e+01 3.238792842754164734e-04
4.500824350031705556e+00 1.690000000000000000e+02 8.800000000000000000e+01 2.815324820352899126e-04
4.549746353836398249e+00 1.480000000000000000e+02 9.600000000000000000e+01 2.581947843664276045e-04
4.598668357641090054e+00 1.810000000000000000e+02 1.200000000000000000e+02 3.191818800910942730e-04
4.647590361445782747e+00 2.480000000000000000e+02 1.170000000000000000e+02 3.695280804515208690e-04
4.696512365250475440e+00 2.930000000000000000e+02 1.110000000000000000e+02 3.363052531649036590e-04
4.745434369055167245e+00 2.730000000000000000e+02 1.050000000000000000e+02 1.482900296322301327e-04
4.794356372859859938e+00 2.550000000000000000e+02 1.040000000000000000e+02 2.749964352646492552e-04
4.843278376664552631e+00 2.780000000000000000e+02 1.190000000000000000e+02 3.174265392707127133e-04
4.892200380469245324e+00 2.700000000000000000e+02 1.020000000000000000e+02 3.454822020603207154e-04
4.941122384273937129e+00 2.830000000000000000e+02 1.180000000000000000e+02 2.698757514273505595e-04
4.990044388078629822e+00 2.810000000000000000e+02 1.220000000000000000e+02 3.398933382421204220e-04
5.038966391883322515e+00 2.740000000000000000e+02 1.310000000000000000e+02 2.742616243211299320e-04
5.087888395688015208e+00 2.470000000000000000e+02 1.030000000000000000e+02 3.257361306986036051e-04
5.136810399492707013e+00 2.770000000000000000e+02 1.130000000000000000e+02 3.099165170048227749e-04
5.185732403297399706e+00 2.990000000000000000e+02 1.210000000000000000e+02 2.805634922966724525e-04
5.234654407102092399e+00 2.900000000000000000e+02 1.270000000000000000e+02 3.755838819204609480e-04
5.283576410906784204e+00 3.250000000000000000e+02 1.410000000000000000e+02 3.162424595391118403e-04
5.332498414711476897e+00 2.840000000000000000e+02 1.240000000000000000e+02 2.991433075588180728e-04
5.381420418516169590e+00 3.110000000000000000e+02 1.070000000000000000e+02 2.979088894967933275e-04
5.430342422320862283e+00 3.580000000000000000e+02 1.250000000000000000e+02 3.403011347306012348e-04
5.479264426125554088e+00 3.190000000000000000e+02 1.090000000000000000e+02 3.538745056795279892e-04
5.528186429930246781e+00 3.350000000000000000e+02 1.230000000000000000e+02 3.573334821429606902e-04
5.577108433734939474e+00 3.670000000000000000e+02 1.270000000000000000e+02 3.389416745341376313e-04
5.626030437539632167e+00 3.840000000000000000e+02 1.250000000000000000e+02 2.980604921602104289e-04
5.674952441344323972e+00 4.040000000000000000e+02 1.180000000000000000e+02 3.117215878932480728e-04
5.723874445149016665e+00 3.470000000000000000e+02 1.450000000000000000e+02 2.809618813910169026e-04
5.772796448953709358e+00 3.770000000000000000e+02 1.520000000000000000e+02 2.988468007555087399e-04
5.821718452758401163e+00 3.100000000000000000e+02 1.180000000000000000e+02 2.614331019621745321e-04
5.870640456563093856e+00 3.280000000000000000e+02 1.040000000000000000e+02 2.905697536748743704e-04
5.919562460367786549e+00 3.580000000000000000e+02 9.400000000000000000e+01 2.790729757263272093e-04
5.968484464172479242e+00 3.450000000000000000e+02 1.300000000000000000e+02 2.905124668145644203e-04
6.017406467977171047e+00 3.250000000000000000e+02 1.530000000000000000e+02 3.202265112170817486e-04
6.066328471781863740e+00 3.060000000000000000e+02 1.280000000000000000e+02 3.398126670267890463e-04
6.115250475586556433e+00 3.100000000000000000e+02 1.420000000000000000e+02 2.923086335868521125e-04
6.164172479391249126e+00 3.440000000000000000e+02 1.330000000000000000e+02 3.410450563878454004e-04
6.213094483195940931e+00 3.540000000000000000e+02 1.290000000000000000e+02 3.064443268675205809e-04
6.262016487000633624e+00 3.420000000000000000e+02 1.090000000000000000e+02 2.880530485403137784e-04
6.310938490805326317e+00 3.020000000000000000e+02 1.220000000000000000e+02 2.880132496022170369e-04
6.359860494610018122e+00 3.020000000000000000e+02 9.600000000000000000e+01 2.850943659486872110e-04
6.408782498414710815e+00 3.080000000000000000e+02 8.700000000000000000e+01 1.831594097786181416e-04
6.457704502219403508e+00 2.010000000000000000e+02 7.400000000000000000e+01 2.945162077943304997e-04
6.506626506024096201e+00 2.040000000000000000e+02 6.900000000000000000e+01 2.822194356902347069e-04
6.555548509828788006e+00 1.940000000000000000e+02 7.900000000000000000e+01 3.331166060453785954e-04
6.604470513633480699e+00 2.390000000000000000e+02 1.130000000000000000e+02 2.826074925655219935e-04
6.653392517438173392e+00 2.360000000000000000e+02 1.230000000000000000e+02 2.389489932846252892e-04
6.702314521242866086e+00 3.140000000000000000e+02 1.700000000000000000e+02 2.763525673217169477e-04
6.751236525047557890e+00 3.060000000000000000e+02 2.030000000000000000e+02 2.033121259578013257e-04
6.800158528852250583e+00 2.930000000000000000e+02 2.080000000000000000e+02 2.947815734892598604e-04
6.849080532656943276e+00 2.870000000000000000e+02 1.700000000000000000e+02 1.772096628351503501e-04