0.000000000000000000e+00 0.000000000000000000e+00 1.000000000000000000e+00 3.346104447812099387e-03
4.892200380469245019e-02 1.000000000000000000e+00 1.000000000000000000e+00 1.251254959887683265e-03
9.784400760938490038e-02 1.000000000000000000e+00 1.000000000000000000e+00 9.307567916563046695e-04
1.467660114140773575e-01 1.000000000000000000e+00 1.000000000000000000e+00 1.452940206364037191e-03
1.956880152187698008e-01 1.000000000000000000e+00 1.000000000000000000e+00 8.265165199579228676e-04
2.446100190234622440e-01 1.000000000000000000e+00 1.000000000000000000e+00 1.232791662220644215e-03
2.935320228281547150e-01 1.000000000000000000e+00 1.000000000000000000e+00 1.451475368334946559e-03
3.424540266328471305e-01 1.000000000000000000e+00 1.000000000000000000e+00 3.653306731968277918e-03
3.913760304375396015e-01 2.000000000000000000e+00 1.000000000000000000e+00 4.803883761093117677e-04
4.402980342422320725e-01 1.000000000000000000e+00 1.000000000000000000e+00 5.307073921684704945e-04
4.892200380469244880e-01 1.000000000000000000e+00 1.000000000000000000e+00 3.151684294349292852e-03
5.381420418516169590e-01 1.000000000000000000e+00 1.000000000000000000e+00 9.970680617690137748e-04
5.870640456563094300e-01 1.000000000000000000e+00 1.000000000000000000e+00 6.040671810597233278e-04
6.359860494610019011e-01 1.000000000000000000e+00 1.000000000000000000e+00 2.000037548864056717e-03
6.849080532656942610e-01 1.000000000000000000e+00 1.000000000000000000e+00 5.753393529517347380e-03
7.338300570703867320e-01 1.000000000000000000e+00 1.000000000000000000e+00 1.470344474384113320e-03
7.827520608750792031e-01 1.000000000000000000e+00 1.000000000000000000e+00 3.368837741694869110e-03
8.316740646797716741e-01 1.000000000000000000e+00 1.000000000000000000e+00 4.093254623866420493e-03
8.805960684844641451e-01 1.000000000000000000e+00 1.000000000000000000e+00 1.410884656299695415e-03
9.295180722891565051e-01 1.000000000000000000e+00 1.000000000000000000e+00 4.036144358649024731e-03
9.784400760938489761e-01 1.000000000000000000e+00 1.000000000000000000e+00 5.995094753508630782e-04
1.027362079898541447e+00 5.000000000000000000e+00 1.000000000000000000e+00 3.914915198692858755e-03
1.076284083703233918e+00 9.000000000000000000e+00 5.000000000000000000e+00 4.523081146617766624e-04
1.125206087507926389e+00 9.000000000000000000e+00 5.000000000000000000e+00 4.721012434982407749e-04
1.174128091312618860e+00 9.000000000000000000e+00 5.000000000000000000e+00 2.314370743869208907e-03
1.223050095117311331e+00 1.700000000000000000e+01 9.000000000000000000e+00 3.952746674649003367e-04
1.271972098922003802e+00 1.700000000000000000e+01 9.000000000000000000e+00 5.392415361724103807e-04
1.320894102726696051e+00 1.300000000000000000e+01 1.300000000000000000e+01 8.811526699989131843e-04
1.369816106531388522e+00 1.500000000000000000e+01 1.500000000000000000e+01 9.840727233356855175e-04
1.418738110336080993e+00 1.400000000000000000e+01 1.600000000000000000e+01 2.849429535372983036e-03
1.467660114140773464e+00 1.400000000000000000e+01 1.700000000000000000e+01 4.283357175417970412e-04
1.516582117945465935e+00 1.400000000000000000e+01 1.800000000000000000e+01 5.821629709598038788e-04
1.565504121750158406e+00 1.600000000000000000e+01 1.500000000000000000e+01 4.974603191324153970e-04
1.614426125554850877e+00 1.000000000000000000e+01 1.100000000000000000e+01 4.709738601313362373e-04
1.663348129359543348e+00 6.000000000000000000e+00 1.100000000000000000e+01 8.011291374354945509e-04
1.712270133164235819e+00 6.000000000000000000e+00 1.200000000000000000e+01 3.959885264701593012e-04
1.761192136968928290e+00 6.000000000000000000e+00 1.200000000000000000e+01 5.661351779071147668e-04
1.810114140773620761e+00 6.000000000000000000e+00 1.000000000000000000e+01 3.825747141474964016e-04
1.859036144578313010e+00 6.000000000000000000e+00 1.000000000000000000e+01 4.175768938153355081e-04
1.907958148383005481e+00 6.000000000000000000e+00 1.000000000000000000e+01 4.784623342258284106e-04
1.956880152187697952e+00 6.000000000000000000e+00 1.000000000000000000e+01 6.793394230516328373e-04
2.005802155992390645e+00 6.000000000000000000e+00 1.000000000000000000e+01 5.350810961738676659e-04
2.054724159797082894e+00 6.000000000000000000e+00 1.000000000000000000e+01 5.713139422662421880e-04
2.103646163601775143e+00 6.000000000000000000e+00 9.000000000000000000e+00 4.361004430883371006e-04
2.152568167406467836e+00 6.000000000000000000e+00 9.000000000000000000e+00 4.552381041453264308e-04
2.201490171211160085e+00 6.000000000000000000e+00 9.000000000000000000e+00 4.806686226406696135e-04
2.250412175015852778e+00 6.000000000000000000e+00 9.000000000000000000e+00 5.174162273558691920e-04
2.299334178820545027e+00 6.000000000000000000e+00 9.000000000000000000e+00 5.174578911832691374e-04
2.348256182625237720e+00 7.000000000000000000e+00 9.000000000000000000e+00 5.860994708594231481e-04
2.397178186429929969e+00 8.000000000000000000e+00 9.000000000000000000e+00 5.591345899375477907e-04
2.446100190234622662e+00 9.000000000000000000e+00 9.000000000000000000e+00 7.823791246967039563e-04
2.495022194039314911e+00 7.000000000000000000e+00 9.000000000000000000e+00 5.229804960519248347e-04
2.543944197844007604e+00 7.000000000000000000e+00 9.000000000000000000e+00 5.453399507248496945e-04
2.592866201648699853e+00 9.000000000000000000e+00 9.000000000000000000e+00 4.578508281772717043e-04
2.641788205453392102e+00 8.000000000000000000e+00 9.000000000000000000e+00 4.305213884429213360e-04
2.690710209258084795e+00 8.000000000000000000e+00 9.000000000000000000e+00 4.051898184993298090e-04
2.739632213062777044e+00 9.000000000000000000e+00 1.000000000000000000e+01 4.706195001921240767e-04
2.788554216867469737e+00 1.200000000000000000e+01 1.000000000000000000e+01 4.706866689866594710e-04
2.837476220672161986e+00 1.100000000000000000e+01 9.000000000000000000e+00 4.333570505072460548e-04
2.886398224476854679e+00 1.100000000000000000e+01 1.100000000000000000e+01 5.048217421189582152e-04
2.935320228281546928e+00 1.000000000000000000e+01 9.000000000000000000e+00 4.046710031188676879e-04
2.984242232086239621e+00 1.000000000000000000e+01 9.000000000000000000e+00 5.092162502424416211e-04
3.033164235890931870e+00 1.000000000000000000e+01 9.000000000000000000e+00 4.558904871162981721e-04
3.082086239695624563e+00 1.000000000000000000e+01 9.000000000000000000e+00 4.090825639080893431e-04
3.131008243500316812e+00 8.000000000000000000e+00 9.000000000000000000e+00 4.645395141862376743e-04
3.179930247305009061e+00 7.000000000000000000e+00 9.000000000000000000e+00 5.638000591418663608e-04
3.228852251109701754e+00 9.000000000000000000e+00 8.000000000000000000e+00 6.248740214321973603e-04
3.277774254914394003e+00 9.000000000000000000e+00 8.000000000000000000e+00 5.142893627644707201e-04
3.326696258719086696e+00 8.000000000000000000e+00 8.000000000000000000e+00 3.998809158275414347e-04
3.375618262523778945e+00 1.200000000000000000e+01 9.000000000000000000e+00 5.522110008636872030e-04
3.424540266328471638e+00 1.000000000000000000e+01 1.200000000000000000e+01 6.046845996216731415e-04
3.473462270133163887e+00 1.100000000000000000e+01 1.200000000000000000e+01 4.118043562132144594e-04
3.522384273937856580e+00 1.100000000000000000e+01 1.200000000000000000e+01 4.087575087129343429e-04
3.571306277742548829e+00 1.500000000000000000e+01 1.000000000000000000e+01 4.586661821362048161e-04
3.620228281547241522e+00 2.300000000000000000e+01 1.100000000000000000e+01 5.274159857045592533e-04
3.669150285351933771e+00 2.300000000000000000e+01 1.500000000000000000e+01 4.251087200429894760e-04
3.718072289156626020e+00 2.500000000000000000e+01 1.700000000000000000e+01 4.588716900248850138e-04
3.766994292961318713e+00 2.700000000000000000e+01 2.000000000000000000e+01 5.423021274414124978e-04
3.815916296766010962e+00 3.000000000000000000e+01 2.000000000000000000e+01 5.482900279170205803e-04
3.864838300570703655e+00 3.100000000000000000e+01 1.900000000000000000e+01 5.694297646737688434e-04
3.913760304375395904e+00 3.000000000000000000e+01 2.100000000000000000e+01 6.125327707932001504e-04
3.962682308180088597e+00 2.800000000000000000e+01 1.800000000000000000e+01 4.540113745641055762e-04
4.011604311984781290e+00 2.900000000000000000e+01 1.900000000000000000e+01 4.544347461096940265e-04
4.060526315789473095e+00 3.000000000000000000e+01 1.800000000000000000e+01 3.774016043896452383e-04
4.109448319594165788e+00 3.200000000000000000e+01 2.100000000000000000e+01 4.889897293574595226e-04
4.158370323398858481e+00 3.000000000000000000e+01 2.400000000000000000e+01 4.023125062502535708e-04
4.207292327203550286e+00 3.200000000000000000e+01 2.100000000000000000e+01 4.397686788143638178e-04
4.256214331008242979e+00 3.200000000000000000e+01 2.300000000000000000e+01 5.004269797814849983e-04
4.305136334812935672e+00 3.800000000000000000e+01 1.900000000000000000e+01 4.223783456856089902e-04
4.354058338617628365e+00 2.800000000000000000e+01 1.900000000000000000e+01 4.836078134707017624e-04
4.402980342422320170e+00 3.100000000000000000e+01 2.300000000000000000e+01 3.905346345456952835e-04
4.451902346227012863e+00 3.200000000000000000e+01 2.100000000000000000e+01 5.083743026704214086e-04
4.500824350031705556e+00 3.700000000000000000e+01 2.300000000000000000e+01 4.593652842146209040e-04
4.549746353836398249e+00 4.600000000000000000e+01 3.000000000000000000e+01 4.305339392142428162e-04
4.598668357641090054e+00 5.000000000000000000e+01 2.500000000000000000e+01 3.587186858427085295e-04
4.647590361445782747e+00 4.100000000000000000e+01 2.800000000000000000e+01 3.391770088217148653e-04
4.696512365250475440e+00 4.200000000000000000e+01 2.900000000000000000e+01 4.076399358407699000e-04
4.745434369055167245e+00 4.200000000000000000e+01 3.300000000000000000e+01 6.719214085783490166e-04
4.794356372859859938e+00 5.400000000000000000e+01 3.100000000000000000e+01 4.407423221939268010e-04
4.843278376664552631e+00 4.100000000000000000e+01 3.000000000000000000e+01 4.544490274561916159e-04
