0.000000000000000000e+00 0.000000000000000000e+00 1.000000000000000000e+00 3.346104447812099387e-03
4.892200380469245713e-03 1.000000000000000000e+00 1.000000000000000000e+00 2.186274582400758411e-04
9.784400760938491426e-03 1.000000000000000000e+00 1.000000000000000000e+00 2.099182159420790155e-04
1.467660114140773714e-02 1.000000000000000000e+00 1.000000000000000000e+00 2.078925121358437373e-04
1.956880152187698285e-02 1.000000000000000000e+00 1.000000000000000000e+00 8.707197288853010700e-05
2.446100190234622856e-02 1.000000000000000000e+00 1.000000000000000000e+00 1.667649256860791315e-04
2.935320228281547428e-02 1.000000000000000000e+00 1.000000000000000000e+00 2.015303042385556572e-04
3.424540266328471999e-02 1.100000000000000000e+01 7.000000000000000000e+00 2.113431358964642333e-04
3.913760304375396570e-02 1.300000000000000000e+01 1.300000000000000000e+01 1.675191658737598568e-04
4.402980342422321142e-02 3.700000000000000000e+01 2.700000000000000000e+01 2.004642967458745062e-04
4.892200380469245713e-02 5.300000000000000000e+01 3.900000000000000000e+01 1.962729067975858257e-04
5.381420418516170284e-02 6.100000000000000000e+01 5.700000000000000000e+01 2.033077006351561851e-04
5.870640456563094856e-02 7.900000000000000000e+01 9.100000000000000000e+01 2.085284473059735718e-04
6.359860494610020121e-02 8.500000000000000000e+01 8.900000000000000000e+01 2.087646884486835412e-04
6.849080532656943998e-02 1.090000000000000000e+02 1.190000000000000000e+02 2.031076773995095107e-04
7.338300570703867876e-02 1.330000000000000000e+02 1.330000000000000000e+02 1.944017277438300935e-04
7.827520608750793141e-02 1.510000000000000000e+02 1.840000000000000000e+02 2.054902441344987085e-04
8.316740646797718406e-02 1.580000000000000000e+02 1.810000000000000000e+02 1.892293621788636825e-04
8.805960684844642283e-02 2.550000000000000000e+02 2.440000000000000000e+02 1.886739934667315836e-04
9.295180722891566161e-02 2.730000000000000000e+02 3.060000000000000000e+02 1.864565734144027845e-04
9.784400760938491426e-02 3.700000000000000000e+02 3.660000000000000000e+02 2.009782151812740435e-04
1.027362079898541669e-01 4.010000000000000000e+02 4.320000000000000000e+02 1.812913560891924304e-04
1.076284083703234057e-01 4.360000000000000000e+02 4.780000000000000000e+02 1.928440500330324712e-04
1.125206087507926445e-01 5.150000000000000000e+02 5.470000000000000000e+02 2.033832060298007105e-04
1.174128091312618971e-01 5.820000000000000000e+02 6.570000000000000000e+02 1.899640694001957539e-04
1.223050095117311498e-01 6.820000000000000000e+02 7.320000000000000000e+02 2.006650636353373058e-04
1.271972098922004024e-01 7.470000000000000000e+02 8.560000000000000000e+02 1.985007616112559412e-04
1.320894102726696273e-01 8.740000000000000000e+02 9.010000000000000000e+02 2.008071631008290702e-04
1.369816106531388800e-01 9.450000000000000000e+02 1.019000000000000000e+03 1.924504651741799259e-04
1.418738110336081326e-01 9.950000000000000000e+02 1.101000000000000000e+03 1.872497251626295523e-04
1.467660114140773575e-01 1.045000000000000000e+03 1.178000000000000000e+03 1.945324949403348918e-04
1.516582117945466102e-01 1.012000000000000000e+03 1.180000000000000000e+03 1.576631623303195674e-04
1.565504121750158628e-01 1.028000000000000000e+03 1.196000000000000000e+03 1.785039671919186994e-04
1.614426125554851155e-01 1.073000000000000000e+03 1.163000000000000000e+03 2.024251933222513287e-04
1.663348129359543681e-01 1.080000000000000000e+03 1.231000000000000000e+03 1.931141441949844927e-04
1.712270133164235930e-01 1.082000000000000000e+03 1.250000000000000000e+03 1.791721133125942099e-04
1.761192136968928457e-01 1.125000000000000000e+03 1.270000000000000000e+03 1.829038053622895194e-04
1.810114140773620983e-01 1.152000000000000000e+03 1.293000000000000000e+03 1.875853197564206285e-04
1.859036144578313232e-01 1.155000000000000000e+03 1.348000000000000000e+03 1.876813349179553018e-04
1.907958148383005759e-01 1.168000000000000000e+03 1.370000000000000000e+03 1.809664409893349893e-04
1.956880152187698285e-01 1.206000000000000000e+03 1.372000000000000000e+03 1.884995430017149750e-04
2.005802155992390812e-01 1.210000000000000000e+03 1.353000000000000000e+03 1.993146262503180382e-04
2.054724159797083338e-01 1.230000000000000000e+03 1.344000000000000000e+03 1.870607739472752334e-04
2.103646163601775587e-01 1.193000000000000000e+03 1.365000000000000000e+03 1.685467889371466185e-04
2.152568167406468114e-01 1.254000000000000000e+03 1.420000000000000000e+03 1.995047016143168355e-04
2.201490171211160640e-01 1.323000000000000000e+03 1.505000000000000000e+03 1.719930211104309266e-04
2.250412175015852889e-01 1.383000000000000000e+03 1.533000000000000000e+03 1.887071359344067779e-04
2.299334178820545416e-01 1.386000000000000000e+03 1.631000000000000000e+03 1.810700580455584308e-04
2.348256182625237942e-01 1.358000000000000000e+03 1.588000000000000000e+03 1.821216615222992193e-04
2.397178186429930469e-01 1.434000000000000000e+03 1.663000000000000000e+03 1.608504484184529297e-04
2.446100190234622995e-01 1.500000000000000000e+03 1.689000000000000000e+03 1.790227388103781184e-04
