0.000000000000000000e+00 0.000000000000000000e+00 1.000000000000000000e+00 3.346104447812099387e-03
4.892200380469245019e-02 1.000000000000000000e+00 1.000000000000000000e+00 3.759377743168404798e-04
9.784400760938490038e-02 1.000000000000000000e+00 1.000000000000000000e+00 3.725189699042480754e-04
1.467660114140773575e-01 1.000000000000000000e+00 1.000000000000000000e+00 3.636843660378529918e-04
1.956880152187698008e-01 1.000000000000000000e+00 1.000000000000000000e+00 4.179088225618437093e-04
2.446100190234622440e-01 1.000000000000000000e+00 1.000000000000000000e+00 4.283810529937291190e-04
2.935320228281547150e-01 1.000000000000000000e+00 1.000000000000000000e+00 3.245251561433126763e-04
3.424540266328471305e-01 1.000000000000000000e+00 1.000000000000000000e+00 3.207233839209335901e-04
3.913760304375396015e-01 1.000000000000000000e+00 1.000000000000000000e+00 3.290261917162192926e-04
4.402980342422320725e-01 1.500000000000000000e+01 1.000000000000000000e+00 3.253858820849739948e-04
4.892200380469244880e-01 1.300000000000000000e+01 5.000000000000000000e+00 3.142060601313986464e-04
5.381420418516169590e-01 1.700000000000000000e+01 5.000000000000000000e+00 3.688126159295660768e-04
5.870640456563094300e-01 1.700000000000000000e+01 1.200000000000000000e+01 3.235907149929332510e-04
6.359860494610019011e-01 2.200000000000000000e+01 8.000000000000000000e+00 3.312322067236275172e-04
6.849080532656942610e-01 3.100000000000000000e+01 1.600000000000000000e+01 3.063599204405771897e-04
7.338300570703867320e-01 2.900000000000000000e+01 1.300000000000000000e+01 3.207149365028953529e-04
7.827520608750792031e-01 4.300000000000000000e+01 2.200000000000000000e+01 3.368918347285181558e-04
8.316740646797716741e-01 1.070000000000000000e+02 3.600000000000000000e+01 3.170156880858840333e-04
8.805960684844641451e-01 9.900000000000000000e+01 3.600000000000000000e+01 3.260225094524413095e-04
9.295180722891565051e-01 1.840000000000000000e+02 6.900000000000000000e+01 3.321385409048034209e-04
9.784400760938489761e-01 2.290000000000000000e+02 1.170000000000000000e+02 2.900490700352292037e-04
1.027362079898541447e+00 3.240000000000000000e+02 1.500000000000000000e+02 3.348676255316713601e-04
1.076284083703233918e+00 3.680000000000000000e+02 2.070000000000000000e+02 3.268305211531220811e-04
1.125206087507926389e+00 3.750000000000000000e+02 2.410000000000000000e+02 3.183416780728914896e-04
1.174128091312618860e+00 4.280000000000000000e+02 2.990000000000000000e+02 3.434343791405744506e-04
1.223050095117311331e+00 4.220000000000000000e+02 2.870000000000000000e+02 3.292606548044389714e-04
1.271972098922003802e+00 4.720000000000000000e+02 2.800000000000000000e+02 3.197994046891613649e-04
1.320894102726696051e+00 4.550000000000000000e+02 2.630000000000000000e+02 3.331297865974203794e-04
1.369816106531388522e+00 4.110000000000000000e+02 2.760000000000000000e+02 3.274713109469726746e-04
1.418738110336080993e+00 4.010000000000000000e+02 2.650000000000000000e+02 3.311216562808505493e-04
1.467660114140773464e+00 4.130000000000000000e+02 2.480000000000000000e+02 2.890096736025063581e-04
1.516582117945465935e+00 4.840000000000000000e+02 2.640000000000000000e+02 3.234686302422616318e-04
1.565504121750158406e+00 4.490000000000000000e+02 2.760000000000000000e+02 2.371952815149400975e-04
1.614426125554850877e+00 5.020000000000000000e+02 2.720000000000000000e+02 3.272519898057069890e-04
1.663348129359543348e+00 4.730000000000000000e+02 2.360000000000000000e+02 2.348423158914903733e-04
1.712270133164235819e+00 4.410000000000000000e+02 2.430000000000000000e+02 3.373674576529951826e-04
1.761192136968928290e+00 4.900000000000000000e+02 2.510000000000000000e+02 3.148477450569553567e-04
1.810114140773620761e+00 4.570000000000000000e+02 2.720000000000000000e+02 3.233207234457210685e-04
1.859036144578313010e+00 4.930000000000000000e+02 2.890000000000000000e+02 3.227990133233154570e-04
1.907958148383005481e+00 5.320000000000000000e+02 2.860000000000000000e+02 2.333628378596234846e-04
1.956880152187697952e+00 4.840000000000000000e+02 2.750000000000000000e+02 2.066578290769934022e-04
2.005802155992390645e+00 4.740000000000000000e+02 2.920000000000000000e+02 2.973747182245798423e-04
2.054724159797082894e+00 5.040000000000000000e+02 2.560000000000000000e+02 1.939694281448956479e-04
2.103646163601775143e+00 4.610000000000000000e+02 2.160000000000000000e+02 2.971189536490803011e-04
2.152568167406467836e+00 5.030000000000000000e+02 2.160000000000000000e+02 3.138299074991362831e-04
2.201490171211160085e+00 4.290000000000000000e+02 1.600000000000000000e+02 2.785785941200723953e-04
2.250412175015852778e+00 5.060000000000000000e+02 1.690000000000000000e+02 2.638367555065137269e-04
2.299334178820545027e+00 4.480000000000000000e+02 1.990000000000000000e+02 2.971004695111633038e-04
2.348256182625237720e+00 5.230000000000000000e+02 2.270000000000000000e+02 2.093595816609775746e-04
2.397178186429929969e+00 4.520000000000000000e+02 2.040000000000000000e+02 2.482415490777337033e-04
2.446100190234622662e+00 4.810000000000000000e+02 2.220000000000000000e+02 2.862434374722902086e-04
2.495022194039314911e+00 4.310000000000000000e+02 1.950000000000000000e+02 1.836401495567054499e-04
