0.000000000000000000e+00 0.000000000000000000e+00 1.000000000000000000e+00 0.000000000000000000e+00
4.892200380469245019e-02 1.000000000000000000e+00 1.000000000000000000e+00 0.000000000000000000e+00
9.784400760938490038e-02 1.000000000000000000e+00 1.000000000000000000e+00 0.000000000000000000e+00
1.467660114140773575e-01 1.000000000000000000e+00 1.000000000000000000e+00 0.000000000000000000e+00
1.956880152187698008e-01 1.000000000000000000e+00 1.000000000000000000e+00 0.000000000000000000e+00
2.446100190234622440e-01 1.000000000000000000e+00 1.000000000000000000e+00 0.000000000000000000e+00
2.935320228281547150e-01 1.000000000000000000e+00 1.000000000000000000e+00 0.000000000000000000e+00
3.424540266328471305e-01 1.000000000000000000e+00 1.000000000000000000e+00 0.000000000000000000e+00
3.913760304375396015e-01 1.000000000000000000e+00 1.000000000000000000e+00 0.000000000000000000e+00
4.402980342422320725e-01 1.300000000000000000e+01 1.000000000000000000e+00 0.000000000000000000e+00
4.892200380469244880e-01 9.000000000000000000e+00 5.000000000000000000e+00 0.000000000000000000e+00
5.381420418516169590e-01 1.700000000000000000e+01 1.100000000000000000e+01 0.000000000000000000e+00
5.870640456563094300e-01 2.900000000000000000e+01 1.900000000000000000e+01 0.000000000000000000e+00
6.359860494610019011e-01 4.200000000000000000e+01 2.700000000000000000e+01 0.000000000000000000e+00
6.849080532656942610e-01 4.600000000000000000e+01 2.800000000000000000e+01 0.000000000000000000e+00
7.338300570703867320e-01 3.000000000000000000e+01 1.200000000000000000e+01 0.000000000000000000e+00
7.827520608750792031e-01 6.500000000000000000e+01 2.000000000000000000e+01 0.000000000000000000e+00
8.316740646797716741e-01 8.500000000000000000e+01 3.300000000000000000e+01 0.000000000000000000e+00
8.805960684844641451e-01 1.220000000000000000e+02 4.600000000000000000e+01 0.000000000000000000e+00
9.295180722891565051e-01 1.280000000000000000e+02 8.100000000000000000e+01 0.000000000000000000e+00
9.784400760938489761e-01 1.880000000000000000e+02 9.000000000000000000e+01 0.000000000000000000e+00
1.027362079898541447e+00 2.450000000000000000e+02 1.140000000000000000e+02 0.000000000000000000e+00
1.076284083703233918e+00 2.860000000000000000e+02 1.370000000000000000e+02 0.000000000000000000e+00
1.125206087507926389e+00 2.910000000000000000e+02 1.800000000000000000e+02 0.000000000000000000e+00
1.174128091312618860e+00 3.310000000000000000e+02 1.940000000000000000e+02 0.000000000000000000e+00
1.223050095117311331e+00 3.410000000000000000e+02 2.020000000000000000e+02 0.000000000000000000e+00
1.271972098922003802e+00 4.170000000000000000e+02 2.290000000000000000e+02 0.000000000000000000e+00
1.320894102726696051e+00 4.800000000000000000e+02 2.770000000000000000e+02 0.000000000000000000e+00
1.369816106531388522e+00 5.450000000000000000e+02 2.940000000000000000e+02 0.000000000000000000e+00
1.418738110336080993e+00 5.480000000000000000e+02 3.000000000000000000e+02 0.000000000000000000e+00
1.467660114140773464e+00 6.220000000000000000e+02 3.050000000000000000e+02 0.000000000000000000e+00
1.516582117945465935e+00 5.250000000000000000e+02 2.930000000000000000e+02 0.000000000000000000e+00
1.565504121750158406e+00 5.060000000000000000e+02 2.110000000000000000e+02 0.000000000000000000e+00
1.614426125554850877e+00 4.490000000000000000e+02 2.500000000000000000e+02 0.000000000000000000e+00
1.663348129359543348e+00 4.220000000000000000e+02 2.520000000000000000e+02 0.000000000000000000e+00
1.712270133164235819e+00 4.650000000000000000e+02 2.150000000000000000e+02 0.000000000000000000e+00
1.761192136968928290e+00 4.670000000000000000e+02 2.380000000000000000e+02 0.000000000000000000e+00
1.810114140773620761e+00 4.660000000000000000e+02 2.180000000000000000e+02 0.000000000000000000e+00
1.859036144578313010e+00 4.640000000000000000e+02 2.150000000000000000e+02 0.000000000000000000e+00
1.907958148383005481e+00 4.710000000000000000e+02 1.970000000000000000e+02 0.000000000000000000e+00
1.956880152187697952e+00 5.010000000000000000e+02 2.230000000000000000e+02 0.000000000000000000e+00
2.005802155992390645e+00 4.820000000000000000e+02 2.510000000000000000e+02 0.000000000000000000e+00
2.054724159797082894e+00 4.880000000000000000e+02 2.570000000000000000e+02 0.000000000000000000e+00
2.103646163601775143e+00 5.280000000000000000e+02 2.700000000000000000e+02 0.000000000000000000e+00
2.152568167406467836e+00 5.540000000000000000e+02 2.270000000000000000e+02 0.000000000000000000e+00
2.201490171211160085e+00 4.860000000000000000e+02 2.110000000000000000e+02 0.000000000000000000e+00
2.250412175015852778e+00 4.950000000000000000e+02 1.860000000000000000e+02 0.000000000000000000e+00
2.299334178820545027e+00 5.240000000000000000e+02 1.720000000000000000e+02 0.000000000000000000e+00
2.348256182625237720e+00 4.130000000000000000e+02 1.750000000000000000e+02 0.000000000000000000e+00
2.397178186429929969e+00 4.190000000000000000e+02 1.520000000000000000e+02 0.000000000000000000e+00
2.446100190234622662e+00 4.360000000000000000e+02 1.320000000000000000e+02 0.000000000000000000e+00
2.495022194039314911e+00 4.290000000000000000e+02 1.880000000000000000e+02 0.000000000000000000e+00
2.543944197844007604e+00 3.430000000000000000e+02 1.510000000000000000e+02 0.000000000000000000e+00
2.592866201648699853e+00 3.430000000000000000e+02 1.330000000000000000e+02 0.000000000000000000e+00
2.641788205453392102e+00 2.620000000000000000e+02 8.800000000000000000e+01 0.000000000000000000e+00
2.690710209258084795e+00 1.850000000000000000e+02 6.800000000000000000e+01 0.000000000000000000e+00
2.739632213062777044e+00 2.000000000000000000e+02 5.200000000000000000e+01 0.000000000000000000e+00
2.788554216867469737e+00 2.170000000000000000e+02 6.900000000000000000e+01 0.000000000000000000e+00
2.837476220672161986e+00 2.020000000000000000e+02 6.200000000000000000e+01 0.000000000000000000e+00
2.886398224476854679e+00 2.010000000000000000e+02 6.400000000000000000e+01 0.000000000000000000e+00
2.935320228281546928e+00 2.160000000000000000e+02 7.500000000000000000e+01 0.000000000000000000e+00
2.984242232086239621e+00 2.490000000000000000e+02 8.100000000000000000e+01 0.000000000000000000e+00
3.033164235890931870e+00 2.340000000000000000e+02 1.200000000000000000e+02 0.000000000000000000e+00
3.082086239695624563e+00 2.400000000000000000e+02 1.290000000000000000e+02 0.000000000000000000e+00
3.131008243500316812e+00 2.920000000000000000e+02 1.480000000000000000e+02 0.000000000000000000e+00
3.179930247305009061e+00 2.270000000000000000e+02 1.190000000000000000e+02 0.000000000000000000e+00
3.228852251109701754e+00 1.800000000000000000e+02 1.350000000000000000e+02 0.000000000000000000e+00
3.277774254914394003e+00 2.070000000000000000e+02 1.240000000000000000e+02 0.000000000000000000e+00
3.326696258719086696e+00 1.650000000000000000e+02 8.300000000000000000e+01 0.000000000000000000e+00
3.375618262523778945e+00 1.020000000000000000e+02 7.600000000000000000e+01 0.000000000000000000e+00
3.424540266328471638e+00 1.050000000000000000e+02 7.800000000000000000e+01 0.000000000000000000e+00
3.473462270133163887e+00 1.200000000000000000e+02 8.500000000000000000e+01 0.000000000000000000e+00
3.522384273937856580e+00 1.400000000000000000e+02 7.500000000000000000e+01 0.000000000000000000e+00
3.571306277742548829e+00 1.230000000000000000e+02 6.700000000000000000e+01 0.000000000000000000e+00
3.620228281547241522e+00 1.320000000000000000e+02 7.200000000000000000e+01 0.000000000000000000e+00
3.669150285351933771e+00 1.570000000000000000e+02 7.000000000000000000e+01 0.000000000000000000e+00
3.718072289156626020e+00 1.690000000000000000e+02 8.700000000000000000e+01 0.000000000000000000e+00
3.766994292961318713e+00 1.870000000000000000e+02 1.090000000000000000e+02 0.000000000000000000e+00
3.815916296766010962e+00 2.170000000000000000e+02 1.210000000000000000e+02 0.000000000000000000e+00
3.864838300570703655e+00 2.620000000000000000e+02 1.140000000000000000e+02 0.000000000000000000e+00
3.913760304375395904e+00 2.830000000000000000e+02 1.140000000000000000e+02 0.000000000000000000e+00
3.962682308180088597e+00 2.800000000000000000e+02 1.300000000000000000e+02 0.000000000000000000e+00
4.011604311984781290e+00 2.940000000000000000e+02 1.450000000000000000e+02 0.000000000000000000e+00
4.060526315789473095e+00 2.540000000000000000e+02 1.610000000000000000e+02 0.000000000000000000e+00
4.109448319594165788e+00 2.180000000000000000e+02 1.340000000000000000e+02 0.000000000000000000e+00
4.158370323398858481e+00 2.600000000000000000e+02 1.460000000000000000e+02 0.000000000000000000e+00
4.207292327203550286e+00 3.040000000000000000e+02 1.610000000000000000e+02 0.000000000000000000e+00
4.256214331008242979e+00 3.280000000000000000e+02 1.700000000000000000e+02 0.000000000000000000e+00
4.305136334812935672e+00 3.890000000000000000e+02 1.900000000000000000e+02 0.000000000000000000e+00
4.354058338617628365e+00 4.000000000000000000e+02 1.880000000000000000e+02 0.000000000000000000e+00
4.402980342422320170e+00 3.430000000000000000e+02 1.800000000000000000e+02 0.000000000000000000e+00
4.451902346227012863e+00 3.350000000000000000e+02 1.820000000000000000e+02 0.000000000000000000e+00
4.500824350031705556e+00 3.350000000000000000e+02 1.860000000000000000e+02 0.000000000000000000e+00
4.549746353836398249e+00 3.140000000000000000e+02 1.830000000000000000e+02 0.000000000000000000e+00
4.598668357641090054e+00 3.290000000000000000e+02 1.940000000000000000e+02 0.000000000000000000e+00
