0.000000000000000000e+00 0.000000000000000000e+00 1.000000000000000000e+00 3.346104447812099387e-03
4.892200380469245019e-02 1.000000000000000000e+00 1.000000000000000000e+00 3.151941632690924509e-04
9.784400760938490038e-02 1.000000000000000000e+00 1.000000000000000000e+00 3.048915021202711485e-04
1.467660114140773575e-01 1.000000000000000000e+00 1.000000000000000000e+00 3.165427099632059068e-04
1.956880152187698008e-01 1.000000000000000000e+00 1.000000000000000000e+00 3.428213260640575254e-04
2.446100190234622440e-01 1.000000000000000000e+00 1.000000000000000000e+00 2.789758549772236129e-04
2.935320228281547150e-01 1.000000000000000000e+00 1.000000000000000000e+00 2.873427957574556987e-04
3.424540266328471305e-01 2.000000000000000000e+00 1.000000000000000000e+00 2.882166226492418378e-04
3.913760304375396015e-01 7.400000000000000000e+01 2.500000000000000000e+01 3.224065776674792973e-04
4.402980342422320725e-01 1.100000000000000000e+02 2.200000000000000000e+01 3.558560951842993964e-04
4.892200380469244880e-01 1.640000000000000000e+02 6.700000000000000000e+01 2.626585731939943083e-04
5.381420418516169590e-01 1.400000000000000000e+02 5.600000000000000000e+01 2.603514190940031821e-04
5.870640456563094300e-01 9.300000000000000000e+01 5.000000000000000000e+00 2.477549796297109962e-04
6.359860494610019011e-01 2.360000000000000000e+02 8.900000000000000000e+01 1.991277715307644670e-04
6.849080532656942610e-01 3.410000000000000000e+02 1.620000000000000000e+02 2.135950573869946150e-04
7.338300570703867320e-01 4.000000000000000000e+02 1.960000000000000000e+02 2.864025774676640730e-04
7.827520608750792031e-01 3.920000000000000000e+02 2.110000000000000000e+02 2.830885201477962242e-04
8.316740646797716741e-01 3.560000000000000000e+02 1.540000000000000000e+02 2.786731607812721460e-04
8.805960684844641451e-01 2.130000000000000000e+02 9.800000000000000000e+01 2.535593406692147238e-04
9.295180722891565051e-01 1.620000000000000000e+02 7.100000000000000000e+01 2.332272095390967620e-04
9.784400760938489761e-01 1.070000000000000000e+02 5.800000000000000000e+01 2.879515390535348769e-04
1.027362079898541447e+00 7.600000000000000000e+01 5.900000000000000000e+01 2.530519370041180269e-04
1.076284083703233918e+00 7.400000000000000000e+01 5.100000000000000000e+01 2.988082719667953463e-04
1.125206087507926389e+00 4.900000000000000000e+01 3.800000000000000000e+01 3.203642595832635869e-04
1.174128091312618860e+00 4.900000000000000000e+01 4.300000000000000000e+01 3.216709161305861351e-04
1.223050095117311331e+00 4.800000000000000000e+01 4.100000000000000000e+01 2.887840058321759881e-04
1.271972098922003802e+00 4.400000000000000000e+01 4.000000000000000000e+01 3.191535224433686489e-04
1.320894102726696051e+00 5.200000000000000000e+01 3.200000000000000000e+01 3.216212492851929275e-04
1.369816106531388522e+00 6.500000000000000000e+01 2.500000000000000000e+01 2.710134544211022169e-04
